Tempo PWM Esq Dir
3008 -100 0 0
3030 -100 -4 -5
3051 -100 -12 -13
3072 -100 -21 -22
3093 -100 -33 -34
3115 -100 -45 -46
3136 -100 -58 -59
3158 -100 -71 -73
3179 -100 -85 -87
3200 -100 -99 -100
3221 -100 -113 -114
3243 -100 -127 -129
3264 -100 -142 -143
3286 -100 -157 -157
3307 -100 -171 -172
3328 -100 -185 -186
3349 -100 -200 -200
3371 -100 -215 -215
3392 -100 -229 -229
3414 -100 -244 -243
3435 -100 -259 -258
3456 -100 -273 -272
3477 -100 -288 -287
3499 -100 -303 -301
3520 -100 -317 -316
3542 -100 -332 -331
3563 -100 -347 -345
3584 -100 -361 -359
3605 -100 -376 -374
3627 -100 -391 -389
3648 -100 -406 -404
3670 -100 -420 -418
3691 -100 -435 -433
3712 -100 -449 -447
3733 -100 -464 -462
3755 -100 -479 -477
3776 -100 -494 -492
3798 -100 -509 -506
3819 -100 -524 -521
3840 -100 -538 -535
3861 -100 -553 -550
3883 -100 -568 -565
3904 -100 -583 -580
3926 -100 -597 -595
3947 -100 -612 -610
3968 -100 -627 -624
3989 -100 -641 -638
4011 -100 -656 -653
4032 -100 -671 -668
4054 -100 -686 -683
4075 -100 -701 -698
4096 -100 -715 -712
4117 -100 -730 -726
4139 -100 -745 -741
4160 -100 -760 -756
4182 -100 -775 -770
4203 -100 -790 -785
4224 -100 -804 -799
4245 -100 -819 -813
4267 -100 -834 -828
4288 -100 -849 -843
4310 -100 -864 -857
4331 -100 -878 -872
4352 -100 -893 -886
4373 -100 -908 -901
4395 -100 -922 -916
4416 -100 -937 -930
4438 -100 -952 -945
4459 -100 -967 -960
4480 -100 -981 -974
4501 -100 -996 -989
4523 -100 -1011 -1004
4544 -100 -1026 -1019
4566 -100 -1041 -1033
4587 -100 -1056 -1048
4608 -100 -1070 -1062
4629 -100 -1085 -1077
4651 -100 -1100 -1092
4672 -100 -1115 -1107
4694 -100 -1130 -1122
4715 -100 -1145 -1137
4736 -100 -1159 -1151
4757 -100 -1174 -1166
4779 -100 -1189 -1181
4800 -100 -1204 -1196
4822 -100 -1219 -1210
4843 -100 -1234 -1225
4864 -100 -1248 -1239
4885 -100 -1263 -1254
4907 -100 -1278 -1269
4928 -100 -1293 -1284
4950 -100 -1308 -1298
4971 -100 -1323 -1313
4992 -100 -1337 -1327
5013 -100 -1352 -1342
5035 -100 -1367 -1356
5056 -100 -1382 -1371
5078 -100 -1397 -1385
5099 -100 -1412 -1400
5120 -100 -1426 -1414
5141 -100 -1441 -1429
5163 -100 -1456 -1444
5184 -100 -1471 -1459
5206 -100 -1486 -1473
5227 -100 -1501 -1488
5248 -100 -1515 -1503
5269 -100 -1530 -1519
5291 -100 -1545 -1535
5312 -100 -1560 -1551
5334 -100 -1576 -1567
5355 -100 -1592 -1582
5376 -100 -1607 -1598
5397 -100 -1623 -1614
5419 -100 -1639 -1630
5440 -100 -1655 -1646
5462 -100 -1671 -1662
5484 -100 -1687 -1677
5507 -100 -1703 -1693
5530 -100 -1719 -1709
5553 -100 -1735 -1725
5576 -100 -1751 -1741
5599 -100 -1767 -1757
5621 -100 -1783 -1773
5645 -100 -1799 -1788
5667 -100 -1814 -1804
5690 -100 -1830 -1820
5713 -100 -1846 -1836
5736 -100 -1862 -1851
5758 -100 -1878 -1867
5782 -100 -1894 -1882
5805 -100 -1910 -1898
5827 -100 -1926 -1914
5851 -100 -1942 -1929
5873 -100 -1958 -1945
5896 -100 -1974 -1961
5919 -100 -1990 -1976
5942 -100 -2006 -1992
5964 -100 -2022 -2008
5988 -100 -2037 -2023
6010 100 -2041 -2023
6032 100 -2039 -2021
6054 100 -2034 -2014
6076 100 -2025 -2004
6097 100 -2015 -1993
6120 100 -2003 -1981
6141 100 -1991 -1968
6163 100 -1977 -1954
6185 100 -1963 -1940
6207 100 -1949 -1926
6228 100 -1935 -1912
6251 100 -1920 -1897
6273 100 -1905 -1883
6294 100 -1890 -1868
6317 100 -1875 -1854
6338 100 -1860 -1839
6360 100 -1845 -1824
6382 100 -1830 -1810
6404 100 -1814 -1795
6425 100 -1799 -1781
6448 100 -1784 -1766
6469 100 -1769 -1751
6491 100 -1754 -1737
6513 100 -1738 -1722
6535 100 -1723 -1707
6556 100 -1708 -1692
6579 100 -1693 -1677
6600 100 -1677 -1662
6622 100 -1662 -1647
6644 100 -1647 -1632
6666 100 -1631 -1617
6687 100 -1616 -1602
6710 100 -1601 -1587
6731 100 -1586 -1572
6753 100 -1570 -1557
6775 100 -1555 -1542
6797 100 -1540 -1526
6818 100 -1525 -1511
6841 100 -1509 -1496
6862 100 -1494 -1481
6884 100 -1479 -1466
6906 100 -1463 -1451
6928 100 -1448 -1436
6949 100 -1433 -1421
6971 100 -1418 -1406
6993 100 -1402 -1391
7015 100 -1387 -1376
7036 100 -1372 -1361
7059 100 -1357 -1346
7080 100 -1341 -1331
7102 100 -1326 -1316
7124 100 -1311 -1301
7146 100 -1295 -1287
7168 100 -1280 -1272
7190 100 -1265 -1257
7212 100 -1250 -1242
7233 100 -1234 -1228
7256 100 -1219 -1213
7277 100 -1204 -1198
7299 100 -1189 -1183
7321 100 -1173 -1168
7343 100 -1158 -1154
7364 100 -1143 -1139
7387 100 -1127 -1124
7408 100 -1112 -1109
7430 100 -1097 -1094
7452 100 -1082 -1079
7474 100 -1066 -1063
7495 100 -1051 -1048
7518 100 -1036 -1033
7539 100 -1020 -1018
7561 100 -1005 -1003
7583 100 -990 -989
7604 100 -976 -975
7625 100 -962 -961
7646 100 -948 -948
7667 100 -934 -934
7688 100 -921 -920
7709 100 -907 -907
7730 100 -893 -893
7751 100 -879 -879
7772 100 -864 -866
7793 100 -849 -852
7814 100 -835 -839
7835 100 -820 -825
7856 100 -805 -811
7877 100 -790 -796
7898 100 -776 -782
7919 100 -761 -767
7940 100 -746 -753
7961 100 -731 -738
7982 100 -717 -725
8003 100 -702 -710
8024 100 -688 -696
8045 100 -673 -682
8066 100 -658 -668
8087 100 -643 -653
8108 100 -629 -640
8129 100 -614 -625
8150 100 -599 -611
8171 100 -584 -596
8192 100 -570 -582
8213 100 -555 -568
8235 100 -540 -553
8256 100 -525 -538
8278 100 -510 -523
8299 100 -495 -508
8320 100 -480 -494
8341 100 -465 -479
8363 100 -450 -464
8384 100 -435 -449
8406 100 -420 -435
8427 100 -405 -420
8448 100 -391 -405
8469 100 -376 -390
8491 100 -360 -376
8512 100 -345 -361
8534 100 -330 -346
8555 100 -315 -331
8576 100 -301 -317
8597 100 -286 -302
8619 100 -271 -287
8640 100 -255 -272
8662 100 -240 -258
8683 100 -225 -243
8704 100 -211 -229
8725 100 -196 -214
8747 100 -181 -199
8768 100 -166 -185
8790 100 -151 -170
8811 100 -136 -155
8832 100 -121 -142
8853 100 -106 -127
8875 100 -91 -113
8896 100 -76 -98
8918 100 -61 -84
8939 100 -46 -69
8960 100 -32 -55
8981 100 -16 -40
9003 100 -1 -26
9024 -100 -2 -25
9046 -100 -3 -26
9067 -100 -9 -33
9088 -100 -18 -41
9109 -100 -28 -52
9131 -100 -40 -64
9152 -100 -53 -77
9174 -100 -66 -90
9195 -100 -80 -104
9216 -100 -93 -118
9237 -100 -107 -132
9259 -100 -122 -146
9280 -100 -136 -160
9302 -100 -151 -175
9323 -100 -165 -189
9344 -100 -179 -203
9365 -100 -194 -218
9387 -100 -209 -232
9408 -100 -224 -247
9430 -100 -239 -262
9451 -100 -253 -276
9472 -100 -267 -290
9493 -100 -282 -305
9515 -100 -297 -320
9536 -100 -312 -334
9558 -100 -327 -349
9579 -100 -342 -364
9600 -100 -356 -378
9621 -100 -371 -393
9643 -100 -385 -408
9664 -100 -400 -423
9686 -100 -415 -437
9707 -100 -430 -452
9728 -100 -444 -466
9749 -100 -459 -481
9771 -100 -474 -496
9792 -100 -489 -511
9814 -100 -504 -526
9835 -100 -519 -541
9856 -100 -533 -555
9877 -100 -548 -570
9899 -100 -563 -585
9920 -100 -578 -600
9942 -100 -593 -615
9963 -100 -608 -630
9984 -100 -622 -644
10005 -100 -637 -659
10027 -100 -652 -674
10048 -100 -667 -688
10070 -100 -682 -703
10091 -100 -697 -718
10112 -100 -711 -732
10133 -100 -726 -747
10155 -100 -741 -761
10176 -100 -756 -776
10198 -100 -771 -791
10219 -100 -786 -805
10240 -100 -800 -819
10261 -100 -815 -834
10283 -100 -830 -849
10304 -100 -845 -864
10326 -100 -860 -879
10347 -100 -875 -893
10368 -100 -889 -908
10389 -100 -904 -922
10411 -100 -919 -937
10432 -100 -934 -952
10454 -100 -949 -967
10475 -100 -964 -982
10496 -100 -978 -996
10517 -100 -993 -1011
10539 -100 -1008 -1026
10560 -100 -1023 -1041
10582 -100 -1038 -1056
10603 -100 -1053 -1071
10624 -100 -1067 -1085
10645 -100 -1082 -1100
10667 -100 -1097 -1115
10688 -100 -1112 -1130
10710 -100 -1127 -1145
10731 -100 -1142 -1159
10752 -100 -1156 -1174
10773 -100 -1171 -1189
10795 -100 -1186 -1204
10816 -100 -1201 -1219
10838 -100 -1216 -1234
10859 -100 -1231 -1250
10880 -100 -1246 -1266
10901 -100 -1261 -1282
10923 -100 -1278 -1299
10944 -100 -1295 -1315
10966 -100 -1311 -1332
10987 -100 -1328 -1348
11011 -100 -1345 -1364
11034 -100 -1361 -1381
11059 -100 -1378 -1397
11082 -100 -1395 -1414
11106 -100 -1412 -1430
11130 -100 -1428 -1447
11154 -100 -1445 -1463
11177 -100 -1462 -1480
11202 -100 -1478 -1496
11226 -100 -1495 -1513
11249 -100 -1512 -1529
11274 -100 -1529 -1546
11297 -100 -1545 -1563
11322 -100 -1562 -1579
11345 -100 -1579 -1596
11369 -100 -1596 -1612
11394 -100 -1612 -1629
11417 -100 -1629 -1646
11441 -100 -1646 -1662
11465 -100 -1663 -1679
11489 -100 -1679 -1695
11512 -100 -1696 -1712
11537 -100 -1713 -1729
11560 -100 -1730 -1745
11584 -100 -1746 -1762
11609 -100 -1763 -1779
11632 -100 -1780 -1795
11657 -100 -1797 -1812
11680 -100 -1813 -1828
11704 -100 -1830 -1845
11728 -100 -1847 -1861
11752 -100 -1864 -1878
11776 -100 -1880 -1894
11800 -100 -1897 -1910
11824 -100 -1914 -1927
11847 -100 -1931 -1943
11872 -100 -1947 -1960
11895 -100 -1964 -1976
11919 -100 -1981 -1993
11943 -100 -1998 -2009
11967 -100 -2015 -2026
11992 -100 -2031 -2042
12015 100 -2035 -2042
12038 100 -2033 -2040
12061 100 -2027 -2032
12084 100 -2018 -2022
12106 100 -2006 -2010
12130 100 -1994 -1997
12152 100 -1980 -1983
12175 100 -1966 -1969
12198 100 -1951 -1954
12221 100 -1936 -1939
12243 100 -1921 -1924
12267 100 -1905 -1909
12290 100 -1889 -1893
12312 100 -1873 -1878
12336 100 -1858 -1862
12358 100 -1842 -1847
12381 100 -1826 -1832
12404 100 -1810 -1816
12427 100 -1794 -1801
12449 100 -1778 -1786
12473 100 -1762 -1770
12495 100 -1746 -1755
12518 100 -1729 -1739
12541 100 -1713 -1724
12564 100 -1697 -1708
12588 100 -1681 -1692
12610 100 -1665 -1677
12633 100 -1649 -1661
12656 100 -1633 -1645
12679 100 -1617 -1629
12701 100 -1601 -1614
12725 100 -1585 -1598
12747 100 -1569 -1582
12770 100 -1552 -1566
12793 100 -1536 -1550
12816 100 -1520 -1534
12838 100 -1504 -1518
12862 100 -1488 -1502
12884 100 -1472 -1487
12907 100 -1456 -1471
12931 100 -1440 -1455
12953 100 -1424 -1439
12976 100 -1407 -1423
12999 100 -1391 -1408
13022 100 -1375 -1392
13044 100 -1359 -1376
13068 100 -1343 -1360
13090 100 -1327 -1345
13113 100 -1311 -1329
13136 100 -1295 -1313
13159 100 -1279 -1298
13181 100 -1262 -1282
13205 100 -1246 -1267
13228 100 -1230 -1251
13250 100 -1214 -1236
13274 100 -1198 -1218
13296 100 -1176 -1203
13320 100 -1160 -1187
13342 100 -1144 -1172
13365 100 -1128 -1156
13388 100 -1111 -1140
13411 100 -1092 -1124
13433 100 -1076 -1106
13457 100 -1060 -1090
13479 100 -1044 -1074
13502 100 -1028 -1058
13526 100 -1010 -1041
13548 100 -994 -1026
13570 100 -978 -1010
13592 100 -963 -993
13613 100 -948 -979
13634 100 -934 -964
13655 100 -919 -950
13676 100 -904 -935
13697 100 -887 -917
13718 100 -869 -900
13739 100 -850 -882
13760 100 -817 -863
13782 100 -802 -849
13803 100 -787 -834
13824 100 -773 -820
13845 100 -758 -806
13867 100 -743 -791
13888 100 -729 -777
13910 100 -714 -763
13931 100 -699 -748
13952 100 -685 -734
13973 100 -670 -720
13995 100 -655 -706
14016 100 -641 -692
14038 100 -626 -678
14059 100 -612 -664
14080 100 -597 -650
14101 100 -582 -636
14123 100 -567 -621
14144 100 -552 -607
14166 100 -537 -593
14187 100 -522 -579
14208 100 -507 -565
14229 100 -492 -551
14251 100 -477 -536
14272 100 -462 -522
14294 100 -447 -508
14315 100 -432 -493
14336 100 -417 -479
14357 100 -402 -464
14379 100 -387 -449
14400 100 -372 -434
14422 100 -357 -419
14443 100 -341 -404
14464 100 -327 -390
14485 100 -312 -375
14507 100 -297 -360
14528 100 -281 -345
14550 100 -266 -330
14571 100 -251 -315
14592 100 -237 -301
14613 100 -222 -286
14635 100 -206 -272
14656 100 -191 -257
14678 100 -176 -242
14699 100 -161 -227
14720 100 -146 -213
14741 100 -131 -198
14763 100 -116 -183
14784 100 -101 -169
14806 100 -86 -154
14827 100 -71 -139
14848 100 -56 -126
14869 100 -41 -111
14891 100 -26 -97
14912 100 -11 -82
14934 100 4 -68
14955 100 19 -53
14976 100 34 -39
14997 100 49 -24
15019 -100 62 -12
15040 -100 57 -16
15062 -100 53 -20
15083 -100 46 -28
15104 -100 37 -38
15125 -100 25 -49
15147 -100 13 -62
15168 -100 0 -75
15190 -100 -13 -88
15211 -100 -27 -102
15232 -100 -41 -116
15253 -100 -55 -130
15275 -100 -70 -144
15296 -100 -84 -158
15318 -100 -99 -173
15339 -100 -114 -187
15360 -100 -128 -201
15381 -100 -143 -216
15403 -100 -158 -231
15424 -100 -172 -245
15446 -100 -187 -260
15467 -100 -202 -275
15488 -100 -216 -289
15509 -100 -231 -304
15531 -100 -246 -318
15552 -100 -261 -333
15574 -100 -276 -348
15595 -100 -291 -363
15616 -100 -305 -377
15637 -100 -320 -392
15659 -100 -335 -407
15680 -100 -350 -422
15702 -100 -365 -437
15723 -100 -380 -452
15744 -100 -395 -466
15765 -100 -410 -481
15787 -100 -425 -496
15808 -100 -440 -511
15830 -100 -455 -525
15851 -100 -470 -540
15872 -100 -484 -555
15893 -100 -499 -570
15915 -100 -514 -585
15936 -100 -529 -600
15958 -100 -544 -615
15979 -100 -559 -629
16000 -100 -574 -644
16021 -100 -589 -659
16043 -100 -604 -673
16064 -100 -619 -688
16086 -100 -634 -703
16107 -100 -649 -718
16128 -100 -663 -732
16149 -100 -678 -746
16171 -100 -693 -761
16192 -100 -708 -776
16214 -100 -723 -791
16235 -100 -738 -805
16256 -100 -753 -819
16277 -100 -768 -834
16299 -100 -783 -849
16320 -100 -798 -864
16342 -100 -813 -879
16363 -100 -828 -894
16384 -100 -842 -908
16405 -100 -857 -923
16427 -100 -873 -938
16448 -100 -888 -953
16470 -100 -903 -968
16491 -100 -918 -982
16512 -100 -932 -997
16533 -100 -947 -1012
16555 -100 -962 -1026
16576 -100 -977 -1041
16598 -100 -992 -1056
16619 -100 -1008 -1071
16640 -100 -1022 -1086
16661 -100 -1037 -1101
16683 -100 -1052 -1116
16704 -100 -1067 -1131
16726 -100 -1082 -1146
16747 -100 -1097 -1161
16768 -100 -1112 -1177
16789 -100 -1127 -1194
16811 -100 -1143 -1210
16832 -100 -1160 -1227
16854 -100 -1177 -1243
16875 -100 -1194 -1260
16897 -100 -1211 -1276
16921 -100 -1227 -1293
16945 -100 -1244 -1309
16968 -100 -1261 -1325
16993 -100 -1278 -1342
17016 -100 -1294 -1358
17040 -100 -1311 -1375
17064 -100 -1328 -1391
17088 -100 -1345 -1408
17112 -100 -1362 -1424
17136 -100 -1378 -1441
17160 -100 -1395 -1457
17183 -100 -1412 -1474
17208 -100 -1429 -1490
17231 -100 -1446 -1507
17256 -100 -1462 -1524
17280 -100 -1479 -1540
17303 -100 -1496 -1557
17328 -100 -1513 -1573
17351 -100 -1530 -1590
17375 -100 -1546 -1607
17399 -100 -1563 -1623
17423 -100 -1580 -1640
17446 -100 -1597 -1657
17471 -100 -1614 -1673
17495 -100 -1631 -1690
17518 -100 -1647 -1707
17543 -100 -1664 -1723
17566 -100 -1681 -1740
17591 -100 -1698 -1757
17614 -100 -1715 -1773
17638 -100 -1732 -1790
17662 -100 -1749 -1806
17686 -100 -1765 -1823
17710 -100 -1782 -1839
17734 -100 -1799 -1855
17758 -100 -1816 -1872
17781 -100 -1833 -1888
17806 -100 -1849 -1905
17829 -100 -1866 -1921
17854 -100 -1883 -1938
17878 -100 -1900 -1954
17901 -100 -1917 -1971
17926 -100 -1934 -1987
17949 -100 -1951 -2004
17973 -100 -1967 -2020
17997 -100 -1984 -2037
18021 100 -1988 -2035
18043 100 -1986 -2032
18067 100 -1980 -2024
18089 100 -1971 -2014
18112 100 -1959 -2002
18136 100 -1946 -1989
18158 100 -1933 -1975
18181 100 -1918 -1961
18204 100 -1904 -1946
18227 100 -1888 -1931
18249 100 -1873 -1916
18273 100 -1857 -1901
18295 100 -1842 -1885
18319 100 -1826 -1870
18341 100 -1810 -1854
18364 100 -1794 -1839
18387 100 -1778 -1823
18410 100 -1761 -1808
18433 100 -1745 -1793
18456 100 -1729 -1777
18479 100 -1713 -1762
18501 100 -1697 -1747
18525 100 -1681 -1731
18547 100 -1665 -1716
18570 100 -1648 -1700
18593 100 -1632 -1685
18616 100 -1616 -1669
18638 100 -1600 -1653
18662 100 -1584 -1637
18684 100 -1568 -1622
18707 100 -1551 -1606
18731 100 -1535 -1590
18753 100 -1519 -1574
18776 100 -1503 -1558
18799 100 -1486 -1542
18822 100 -1470 -1527
18844 100 -1454 -1511
18868 100 -1438 -1495
18890 100 -1422 -1479
18913 100 -1405 -1463
18936 100 -1389 -1447
18959 100 -1373 -1432
18981 100 -1357 -1416
19005 100 -1341 -1400
19027 100 -1324 -1384
19051 100 -1308 -1368
19074 100 -1292 -1353
19096 100 -1276 -1337
19120 100 -1259 -1321
19142 100 -1243 -1305
19165 100 -1227 -1290
19188 100 -1211 -1274
19211 100 -1195 -1259
19233 100 -1178 -1243
19257 100 -1162 -1228
19279 100 -1146 -1212
19302 100 -1130 -1197
19325 100 -1114 -1181
19348 100 -1097 -1166
19371 100 -1081 -1150
19394 100 -1065 -1135
19417 100 -1049 -1119
19439 100 -1033 -1103
19463 100 -1016 -1088
19485 100 -1000 -1072
19508 100 -984 -1057
19530 100 -968 -1042
19552 100 -953 -1026
19573 100 -938 -1011
19596 100 -922 -996
19617 100 -907 -982
19638 100 -893 -967
19659 100 -878 -953
19680 100 -863 -938
19701 100 -848 -924
19722 100 -833 -910
19743 100 -819 -895
19764 100 -804 -881
19785 100 -789 -866
19806 100 -774 -852
19827 100 -760 -838
19848 100 -745 -823
19869 100 -730 -809
19890 100 -716 -795
19911 100 -701 -780
19932 100 -686 -766
19953 100 -671 -752
19974 100 -657 -737
19995 100 -642 -723
20016 100 -627 -709
20037 100 -612 -695
20058 100 -598 -681
20079 100 -583 -667
20100 100 -568 -653
20121 100 -553 -639
20142 100 -539 -625
20163 100 -524 -610
20184 100 -509 -596
20205 100 -495 -582
20226 100 -480 -568
20247 100 -465 -554
20268 100 -450 -539
20289 100 -436 -525
20310 100 -421 -511
20331 100 -406 -496
20352 100 -391 -482
20373 100 -377 -468
20395 100 -362 -453
20416 100 -347 -439
20438 100 -333 -424
20459 100 -318 -410
20480 100 -303 -395
20501 100 -288 -381
20523 100 -273 -366
20544 100 -257 -352
20566 100 -242 -338
20587 100 -227 -323
20608 100 -212 -309
20629 100 -197 -294
20651 100 -182 -280
20672 100 -167 -266
20694 100 -151 -251
20715 100 -136 -236
20736 100 -122 -222
20757 100 -106 -207
20779 100 -91 -192
20800 100 -76 -178
20822 100 -61 -163
20843 100 -46 -148
20864 100 -31 -134
20885 100 -16 -120
20907 100 -1 -105
20928 100 15 -91
20950 100 30 -76
20971 100 45 -61
20992 100 60 -48
21013 100 75 -33
21035 -100 75 -32
21056 -100 74 -35
21078 -100 69 -41
21099 -100 60 -50
21120 -100 50 -60
21141 -100 39 -72
21163 -100 26 -85
21184 -100 13 -98
21206 -100 -1 -112
21227 -100 -15 -126
21248 -100 -29 -139
21269 -100 -43 -154
21291 -100 -58 -168
21312 -100 -73 -182
21334 -100 -88 -197
21355 -100 -102 -211
21376 -100 -117 -225
21397 -100 -132 -240
21419 -100 -147 -255
21440 -100 -162 -269
21462 -100 -177 -284
21483 -100 -192 -299
21504 -100 -206 -313
21525 -100 -221 -328
21547 -100 -236 -343
21568 -100 -251 -357
21590 -100 -266 -372
21611 -100 -281 -387
21632 -100 -296 -401
21653 -100 -311 -416
21675 -100 -326 -431
21696 -100 -341 -446
21718 -100 -356 -461
21739 -100 -371 -476
21760 -100 -386 -490
21781 -100 -401 -505
21803 -100 -416 -520
21824 -100 -431 -535
21846 -100 -446 -550
21867 -100 -462 -565
21888 -100 -476 -579
21909 -100 -491 -594
21931 -100 -506 -609
21952 -100 -522 -624
21974 -100 -537 -639
21995 -100 -552 -654
22016 -100 -566 -668
22037 -100 -581 -683
22059 -100 -597 -697
22080 -100 -612 -712
22102 -100 -627 -727
22123 -100 -642 -742
22144 -100 -657 -756
22165 -100 -672 -770
22187 -100 -687 -785
22208 -100 -702 -800
22230 -100 -717 -814
22251 -100 -732 -829
22272 -100 -747 -843
22293 -100 -762 -858
22315 -100 -777 -873
22336 -100 -792 -888
22358 -100 -807 -903
22379 -100 -823 -918
22400 -100 -837 -932
22421 -100 -852 -947
22443 -100 -867 -962
22464 -100 -883 -976
22486 -100 -898 -991
22507 -100 -913 -1006
22528 -100 -927 -1020
22549 -100 -943 -1035
22571 -100 -958 -1050
22592 -100 -973 -1065
22614 -100 -988 -1080
22635 -100 -1003 -1095
22656 -100 -1018 -1109
22677 -100 -1033 -1124
22699 -100 -1048 -1139
22720 -100 -1063 -1154
22742 -100 -1079 -1169
22763 -100 -1094 -1185
22784 -100 -1108 -1202
22805 -100 -1125 -1219
22827 -100 -1142 -1235
22848 -100 -1159 -1252
22870 -100 -1175 -1268
22891 -100 -1192 -1284
22915 -100 -1209 -1301
22939 -100 -1226 -1317
22963 -100 -1243 -1334
22986 -100 -1260 -1350
23011 -100 -1277 -1366
23034 -100 -1294 -1383
23058 -100 -1311 -1399
23083 -100 -1328 -1418
23106 -100 -1345 -1434
23130 -100 -1361 -1451
23154 -100 -1378 -1467
23178 -100 -1395 -1484
23201 -100 -1412 -1501
23226 -100 -1429 -1517
23249 -100 -1446 -1534
23274 -100 -1463 -1550
23298 -100 -1480 -1567
23321 -100 -1497 -1584
23346 -100 -1514 -1600
23369 -100 -1531 -1617
23393 -100 -1548 -1633
23417 -100 -1565 -1650
23441 -100 -1582 -1667
23464 -100 -1599 -1683
23489 -100 -1615 -1700
23513 -100 -1634 -1717
23537 -100 -1651 -1733
23561 -100 -1668 -1750
23584 -100 -1685 -1767
23609 -100 -1702 -1783
23632 -100 -1719 -1800
23656 -100 -1736 -1816
23681 -100 -1753 -1832
23704 -100 -1770 -1849
23728 -100 -1787 -1865
23752 -100 -1804 -1882
23776 -100 -1821 -1898
23799 -100 -1838 -1914
23824 -100 -1855 -1931
23847 -100 -1872 -1947
23872 -100 -1889 -1964
23896 -100 -1906 -1980
23919 -100 -1923 -1997
23944 -100 -1939 -2013
23967 -100 -1956 -2030
23991 -100 -1973 -2046
24015 -100 -1990 -2063
24039 100 -1994 -2061
24061 100 -1992 -2058
24085 100 -1987 -2050
24108 100 -1977 -2040
24130 100 -1966 -2028
24154 100 -1953 -2015
24176 100 -1940 -2001
24199 100 -1925 -1987
24222 100 -1911 -1972
24245 100 -1895 -1957
24267 100 -1880 -1942
24291 100 -1864 -1927
24313 100 -1848 -1911
24337 100 -1832 -1896
24359 100 -1816 -1880
24382 100 -1800 -1865
24406 100 -1784 -1849
24428 100 -1768 -1834
24451 100 -1751 -1818
24474 100 -1735 -1801
24497 100 -1719 -1786
24519 100 -1703 -1770
24543 100 -1686 -1755
24565 100 -1670 -1740
24588 100 -1654 -1724
24611 100 -1637 -1709
24634 100 -1621 -1693
24656 100 -1605 -1677
24680 100 -1589 -1662
24702 100 -1572 -1646
24725 100 -1556 -1630
24749 100 -1540 -1614
24771 100 -1523 -1599
24794 100 -1507 -1583
24817 100 -1491 -1567
24840 100 -1474 -1551
24862 100 -1458 -1535
24886 100 -1442 -1520
24908 100 -1425 -1504
24931 100 -1409 -1488
24954 100 -1393 -1472
24977 100 -1377 -1456
24999 100 -1360 -1440
25023 100 -1344 -1424
25046 100 -1328 -1409
25069 100 -1311 -1393
25092 100 -1295 -1377
25114 100 -1279 -1361
25138 100 -1262 -1346
25160 100 -1246 -1330
25183 100 -1230 -1314
25206 100 -1213 -1298
25229 100 -1197 -1283
25251 100 -1181 -1267
25275 100 -1165 -1252
25297 100 -1148 -1236
25320 100 -1132 -1221
25344 100 -1116 -1205
25366 100 -1099 -1190
25389 100 -1083 -1174
25412 100 -1067 -1159
25435 100 -1050 -1143
25457 100 -1034 -1128
25481 100 -1018 -1112
25503 100 -1002 -1096
25526 100 -985 -1081
25548 100 -970 -1066
25570 100 -954 -1051
25591 100 -939 -1036
25614 100 -923 -1021
25635 100 -907 -1006
25657 100 -892 -990
25678 100 -877 -976
25699 100 -862 -962
25720 100 -847 -947
25741 100 -832 -933
25762 100 -818 -918
25783 100 -803 -904
25804 100 -788 -889
25825 100 -773 -875
25846 100 -758 -861
25867 100 -743 -846
25888 100 -729 -832
25909 100 -714 -818
25930 100 -699 -803
25951 100 -684 -789
25972 100 -669 -774
25993 100 -655 -760
26014 100 -640 -746
26035 100 -625 -732
26056 100 -610 -717
26077 100 -595 -703
26098 100 -580 -689
26119 100 -566 -675
26140 100 -551 -661
26161 100 -536 -647
26182 100 -521 -633
26203 100 -506 -619
26224 100 -491 -605
26245 100 -477 -591
26266 100 -462 -576
26287 100 -447 -562
26308 100 -432 -548
26329 100 -417 -534
26350 100 -402 -519
26371 100 -388 -505
26392 100 -373 -490
26413 100 -358 -476
26434 100 -343 -462
26455 100 -328 -447
26476 100 -313 -433
26497 100 -298 -418
26518 100 -284 -404
26539 100 -269 -389
26560 100 -254 -375
26582 100 -239 -360
26603 100 -224 -346
26624 100 -209 -332
26645 100 -195 -317
26667 100 -179 -303
26688 100 -164 -288
26710 100 -149 -274
26731 100 -133 -260
26752 100 -119 -245
26773 100 -103 -231
26795 100 -88 -217
26816 100 -73 -203
26838 100 -57 -188
26859 100 -42 -173
26880 100 -27 -159
26901 100 -12 -145
26923 100 3 -130
26944 100 18 -116
26966 100 34 -101
26987 100 49 -86
27008 100 64 -73
27029 100 79 -58
27051 -100 82 -56
27072 -100 80 -58
27094 -100 75 -64
27115 -100 67 -73
27136 -100 57 -83
27157 -100 45 -95
27179 -100 33 -107
27200 -100 19 -121
27222 -100 6 -134
27243 -100 -9 -148
27264 -100 -22 -161
27285 -100 -37 -175
27307 -100 -51 -190
27328 -100 -68 -204
27350 -100 -83 -219
27371 -100 -98 -233
27392 -100 -112 -247
27413 -100 -127 -262
27435 -100 -142 -276
27456 -100 -158 -291
27478 -100 -173 -306
27499 -100 -188 -321
27520 -100 -202 -335
27541 -100 -217 -349
27563 -100 -232 -364
27584 -100 -248 -379
27606 -100 -263 -394
27627 -100 -278 -409
27648 -100 -292 -423
27669 -100 -308 -438
27691 -100 -323 -453
27712 -100 -338 -467
27734 -100 -353 -482
27755 -100 -368 -497
27776 -100 -383 -511
27797 -100 -398 -526
27819 -100 -413 -541
27840 -100 -429 -556
27862 -100 -444 -571
27883 -100 -459 -586
27904 -100 -473 -600
27925 -100 -489 -615
27947 -100 -504 -630
27968 -100 -519 -645
27990 -100 -534 -660
28011 -100 -550 -674
28032 -100 -564 -688
28053 -100 -579 -703
28075 -100 -595 -718
28096 -100 -610 -732
28118 -100 -625 -747
28139 -100 -640 -762
28160 -100 -655 -776
28181 -100 -670 -790
28203 -100 -685 -805
28224 -100 -701 -820
28246 -100 -716 -834
28267 -100 -731 -849
28288 -100 -746 -863
28309 -100 -761 -878
28331 -100 -776 -893
28352 -100 -791 -907
28374 -100 -807 -922
28395 -100 -822 -937
28416 -100 -837 -952
28437 -100 -852 -967
28459 -100 -867 -982
28480 -100 -882 -997
28502 -100 -898 -1012
28523 -100 -913 -1027
28544 -100 -928 -1041
28565 -100 -943 -1056
28587 -100 -958 -1072
28608 -100 -974 -1087
28630 -100 -989 -1102
28651 -100 -1004 -1117
28672 -100 -1019 -1131
28693 -100 -1034 -1147
28715 -100 -1049 -1162
28736 -100 -1065 -1177
28758 -100 -1080 -1192
28779 -100 -1095 -1208
28800 -100 -1110 -1224
28821 -100 -1127 -1241
28843 -100 -1144 -1257
28864 -100 -1161 -1274
28886 -100 -1178 -1290
28907 -100 -1195 -1306
28931 -100 -1212 -1323
28955 -100 -1229 -1339
28979 -100 -1246 -1355
29002 -100 -1263 -1371
29027 -100 -1280 -1388
29050 -100 -1297 -1404
29074 -100 -1314 -1421
29099 -100 -1331 -1437
29122 -100 -1348 -1454
29146 -100 -1365 -1470
29170 -100 -1382 -1487
29194 -100 -1399 -1503
29217 -100 -1416 -1519
29242 -100 -1433 -1536
29265 -100 -1450 -1552
29290 -100 -1467 -1569
29314 -100 -1484 -1585
29337 -100 -1501 -1602
29362 -100 -1518 -1618
29385 -100 -1535 -1635
29409 -100 -1552 -1651
29433 -100 -1569 -1668
29457 -100 -1586 -1684
29480 -100 -1603 -1701
29505 -100 -1621 -1717
29529 -100 -1638 -1734
29552 -100 -1655 -1750
29577 -100 -1672 -1767
29600 -100 -1689 -1783
29625 -100 -1706 -1800
29648 -100 -1723 -1817
29672 -100 -1740 -1833
29697 -100 -1757 -1850
29720 -100 -1774 -1866
29744 -100 -1791 -1883
29768 -100 -1808 -1899
29792 -100 -1825 -1916
29815 -100 -1842 -1933
29840 -100 -1860 -1949
29863 -100 -1877 -1966
29888 -100 -1894 -1982
29912 -100 -1911 -1999
29935 -100 -1928 -2015
29960 -100 -1945 -2032
29983 -100 -1962 -2048
30007 -100 -1979 -2065
30031 -100 -1996 -2081
30055 100 -2000 -2081
30077 100 -1998 -2079
30101 100 -1992 -2072
30124 100 -1983 -2061
30146 100 -1972 -2049
30170 100 -1959 -2037
30192 100 -1945 -2023
30215 100 -1931 -2009
30238 100 -1916 -1994
30261 100 -1900 -1979
30283 100 -1885 -1964
30307 100 -1869 -1949
30329 100 -1853 -1933
30353 100 -1837 -1918
30375 100 -1821 -1903
30398 100 -1805 -1887
30422 100 -1788 -1872
30444 100 -1772 -1856
30467 100 -1756 -1841
30490 100 -1739 -1826
30513 100 -1723 -1810
30535 100 -1707 -1795
30559 100 -1690 -1780
30581 100 -1674 -1764
30604 100 -1657 -1749
30627 100 -1641 -1734
30650 100 -1625 -1718
30672 100 -1608 -1703
30696 100 -1592 -1687
30718 100 -1575 -1672
30741 100 -1559 -1656
30765 100 -1543 -1640
30787 100 -1526 -1624
30810 100 -1510 -1608
30833 100 -1493 -1593
30856 100 -1477 -1577
30878 100 -1460 -1561
30902 100 -1444 -1545
30924 100 -1427 -1529
30947 100 -1411 -1513
30970 100 -1395 -1497
30993 100 -1378 -1481
31015 100 -1362 -1465
31039 100 -1345 -1449
31062 100 -1329 -1434
31085 100 -1312 -1418
31108 100 -1296 -1402
31130 100 -1280 -1386
31154 100 -1263 -1370
31176 100 -1247 -1354
31199 100 -1230 -1339
31222 100 -1214 -1323
31245 100 -1197 -1307
31267 100 -1181 -1291
31291 100 -1165 -1276
31313 100 -1148 -1260
31336 100 -1132 -1245
31360 100 -1115 -1229
31382 100 -1099 -1214
31405 100 -1082 -1198
31428 100 -1066 -1183
31451 100 -1050 -1167
31473 100 -1033 -1152
31497 100 -1017 -1136
31519 100 -1000 -1120
31542 100 -984 -1105
31564 100 -968 -1090
31586 100 -952 -1075
31607 100 -937 -1060
31630 100 -921 -1045
31651 100 -905 -1030
31673 100 -890 -1015
31695 100 -874 -999
31716 100 -859 -985
31737 100 -844 -970
31758 100 -829 -956
31779 100 -814 -942
31800 100 -799 -927
31821 100 -784 -913
31842 100 -769 -898
31863 100 -754 -884
31884 100 -739 -870
31905 100 -724 -855
31926 100 -709 -841
31947 100 -694 -826
31968 100 -679 -812
31989 100 -664 -798
32010 100 -650 -783
32031 100 -635 -769
32052 100 -620 -755
32073 100 -605 -740
32094 100 -590 -726
32115 100 -575 -712
32136 100 -560 -698
32157 100 -545 -684
32178 100 -530 -670
32199 100 -515 -656
32220 100 -500 -642
32241 100 -485 -627
32262 100 -470 -613
32283 100 -455 -599
32304 100 -440 -585
32325 100 -425 -571
32346 100 -410 -556
32367 100 -395 -542
32388 100 -380 -528
32409 100 -365 -513
32430 100 -350 -499
32451 100 -335 -485
32472 100 -320 -470
32493 100 -305 -456
32514 100 -290 -441
32535 100 -275 -427
32556 100 -260 -413
32577 100 -245 -398
32598 100 -230 -384
32619 100 -216 -369
32640 100 -201 -355
32661 100 -186 -340
32683 100 -171 -326
32704 100 -156 -311
32726 100 -140 -297
32747 100 -125 -283