Tempo PWM Esq Dir
21 -8 0 0

52 -10 0 0

73 -11 0 0

96 -12 0 0

117 -13 0 0

140 -14 0 0

163 -15 0 0

186 -16 0 0

208 -17 0 0

232 -18 0 0

254 -19 0 0

278 -20 0 0

301 -21 0 0

323 -22 0 0

347 -23 0 -1

370 -24 0 -2

394 -25 0 -5

418 -26 -2 -7

443 -27 -4 -11

468 -28 -7 -15

495 -29 -11 -20

522 -30 -15 -25

549 -31 -20 -31

576 -32 -26 -37

603 -33 -32 -43

630 -34 -38 -50

657 -35 -45 -57

685 -36 -52 -65

711 -37 -59 -72

738 -38 -67 -80

765 -39 -75 -89

792 -40 -84 -98

820 -41 -93 -107

847 -42 -103 -117

877 -43 -113 -127

906 -44 -124 -138

934 -45 -135 -149

964 -46 -146 -160

993 -47 -158 -172

1022 -48 -170 -185

1052 -49 -183 -197

1083 -50 -196 -210

1113 -51 -209 -224

1143 -52 -222 -237

1173 -53 -236 -251

1203 -54 -250 -265

1233 -55 -264 -279

1263 -56 -279 -294

1294 -57 -294 -308

1324 -58 -309 -323

1354 -59 -324 -339

1384 -60 -339 -354

1415 -61 -355 -369

1444 -62 -370 -385

1474 -63 -386 -401

1505 -64 -403 -417

1534 -65 -419 -434

1565 -66 -436 -450

1595 -67 -452 -467

1626 -68 -469 -484

1655 -69 -487 -501

1686 -70 -504 -518

1716 -71 -521 -535

1746 -72 -539 -552

1776 -73 -556 -569

1806 -74 -574 -587

1837 -75 -592 -604

1866 -76 -610 -622

1897 -77 -629 -640

1927 -78 -647 -658

1957 -79 -665 -676

1987 -80 -684 -694

2018 -81 -703 -713

2048 -82 -722 -731

2078 -83 -741 -750

2108 -84 -760 -769

2138 -85 -779 -788

2168 -86 -799 -808

2198 -87 -818 -827

2229 -88 -838 -846

2258 -89 -858 -866

2289 -90 -878 -886

2319 -91 -898 -905

2350 -92 -918 -925

2379 -93 -938 -945

2410 -94 -958 -965

2440 -95 -978 -985

2469 -96 -999 -1006

2501 -97 -1020 -1027

2533 -98 -1042 -1049

2566 -99 -1064 -1071

2597 -100 -1087 -1093

2631 -99 -1109 -1115

2663 -98 -1131 -1137

2696 -97 -1153 -1159

2727 -96 -1175 -1180

2760 -95 -1197 -1202

2792 -94 -1219 -1224

2825 -93 -1241 -1245

2856 -92 -1263 -1267

2889 -91 -1284 -1289

2921 -90 -1306 -1310

2954 -89 -1328 -1332

2985 -88 -1350 -1353

3018 -87 -1371 -1374

3050 -86 -1393 -1396

3083 -85 -1414 -1417

3115 -84 -1435 -1438

3147 -83 -1457 -1459

3179 -82 -1478 -1480

3212 -81 -1499 -1500

3244 -80 -1520 -1521

3276 -79 -1541 -1542

3308 -78 -1561 -1562

3341 -77 -1582 -1583

3373 -76 -1603 -1603

3404 -75 -1623 -1623

3437 -74 -1643 -1643

3469 -73 -1664 -1662

3502 -72 -1684 -1682

3533 -71 -1704 -1701

3566 -70 -1723 -1720

3598 -69 -1743 -1739

3631 -68 -1762 -1758

3662 -67 -1782 -1777

3695 -66 -1801 -1796

3727 -65 -1820 -1814

3760 -64 -1839 -1833

3791 -63 -1858 -1851

3824 -62 -1876 -1869

3856 -61 -1895 -1888

3889 -60 -1913 -1905

3920 -59 -1931 -1923

3953 -58 -1949 -1941

3985 -57 -1967 -1958

4018 -56 -1984 -1976

4049 -55 -2002 -1993

4082 -54 -2019 -2010

4114 -53 -2036 -2027

4147 -52 -2053 -2043

4178 -51 -2070 -2060

4211 -50 -2086 -2076

4243 -49 -2102 -2092

4276 -48 -2118 -2108

4307 -47 -2134 -2124

4340 -46 -2150 -2139

4372 -45 -2165 -2154

4405 -44 -2180 -2169

4436 -43 -2195 -2183

4468 -42 -2210 -2197

4501 -41 -2224 -2211

4533 -40 -2239 -2225

4566 -39 -2252 -2238

4597 -38 -2266 -2250

4630 -37 -2279 -2263

4662 -36 -2292 -2276

4695 -35 -2305 -2288

4726 -34 -2317 -2299

4759 -33 -2329 -2311

4791 -32 -2340 -2322

4824 -31 -2352 -2333

4855 -30 -2363 -2343

4888 -29 -2373 -2354

4920 -28 -2383 -2364

4953 -27 -2393 -2373

4984 -26 -2403 -2383

5017 -25 -2412 -2392

5049 -24 -2420 -2400

5082 -23 -2428 -2408

5113 -22 -2436 -2416

5146 -21 -2443 -2423

5178 -20 -2450 -2430

5211 -19 -2456 -2437

5242 -18 -2462 -2443

5275 -17 -2468 -2449

5307 -16 -2473 -2454

5340 -15 -2478 -2459

5371 -14 -2482 -2464

5404 -13 -2485 -2468

5436 -12 -2489 -2471

5468 -11 -2491 -2474

5500 -10 -2494 -2477

5532 -9 -2495 -2479

5564 -8 -2497 -2481

5595 -7 -2497 -2482

5626 -6 -2498 -2483

5657 -5 -2498 -2483

5689 -4 -2498 -2483

5720 -3 -2498 -2483

5751 -2 -2498 -2483

5782 -1 -2498 -2483

5814 0 -2498 -2483

5843 1 -2498 -2483

5874 2 -2498 -2483

5904 3 -2498 -2483

5934 4 -2498 -2483

5964 5 -2498 -2483

5994 6 -2498 -2483

6025 7 -2498 -2483

6054 8 -2498 -2483

6085 9 -2498 -2483

6115 10 -2498 -2483

6147 11 -2498 -2483

6177 12 -2498 -2483

6209 13 -2498 -2483

6240 14 -2498 -2483

6272 15 -2498 -2483

6302 16 -2498 -2483

6333 17 -2498 -2483

6365 18 -2498 -2483

6395 19 -2498 -2483

6427 20 -2498 -2483

6458 21 -2498 -2483

6490 22 -2498 -2483

6520 23 -2498 -2481

6552 24 -2498 -2478

6583 25 -2498 -2474

6615 26 -2497 -2469

6645 27 -2497 -2463

6677 28 -2497 -2458

6708 29 -2497 -2451

6739 30 -2495 -2445

6770 31 -2491 -2437

6802 32 -2486 -2430

6833 33 -2480 -2422

6863 34 -2474 -2414

6895 35 -2467 -2405

6926 36 -2459 -2396

6958 37 -2451 -2387

6988 38 -2442 -2377

7020 39 -2433 -2368

7051 40 -2424 -2357

7083 41 -2414 -2347

7113 42 -2404 -2336

7145 43 -2393 -2325

7176 44 -2382 -2313

7207 45 -2371 -2302

7238 46 -2359 -2290

7270 47 -2347 -2278

7301 48 -2335 -2265

7331 49 -2322 -2253

7363 50 -2309 -2240

7394 51 -2296 -2227

7426 52 -2283 -2214

7456 53 -2269 -2201

7488 54 -2255 -2188

7519 55 -2240 -2174

7550 56 -2226 -2160

7581 57 -2211 -2145

7613 58 -2196 -2131

7644 59 -2181 -2116

7675 60 -2165 -2101

7706 61 -2149 -2085

7738 62 -2133 -2069

7769 63 -2117 -2053

7800 64 -2101 -2037

7831 65 -2084 -2020

7862 66 -2067 -2004

7894 67 -2050 -1987

7924 68 -2033 -1969

7956 69 -2015 -1952

7987 70 -1998 -1935

8018 71 -1980 -1917

8049 72 -1962 -1899

8081 73 -1944 -1881

8112 74 -1925 -1863

8143 75 -1907 -1845

8174 76 -1888 -1826

8206 77 -1869 -1808

8237 78 -1850 -1789

8268 79 -1831 -1770

8299 80 -1812 -1752

8330 81 -1793 -1733

8361 82 -1773 -1714

8392 83 -1754 -1695

8424 84 -1734 -1675

8455 85 -1714 -1656

8486 86 -1694 -1637

8517 87 -1674 -1618

8549 88 -1654 -1598

8580 89 -1634 -1579

8611 90 -1613 -1559

8642 91 -1593 -1539

8674 92 -1572 -1519

8705 93 -1551 -1498

8736 94 -1531 -1478

8767 95 -1510 -1457

8799 96 -1489 -1436

8829 97 -1467 -1416

8860 98 -1446 -1394

8892 99 -1425 -1373

8923 100 -1403 -1352

8955 99 -1381 -1330

8986 98 -1359 -1309

9018 97 -1338 -1288

9049 96 -1316 -1267

9080 95 -1295 -1245

9111 94 -1273 -1224

9143 93 -1252 -1204

9174 92 -1231 -1183

9205 91 -1209 -1162

9236 90 -1188 -1141

9268 89 -1167 -1121

9298 88 -1146 -1101

9330 87 -1126 -1081

9361 86 -1105 -1061

9392 85 -1084 -1041

9423 84 -1063 -1021

9454 83 -1043 -1002

9486 82 -1023 -982

9516 81 -1003 -963

9546 80 -984 -944

9575 79 -965 -926

9605 78 -947 -908

9633 77 -928 -890

9663 76 -910 -872

9692 75 -892 -853

9720 74 -874 -836

9750 73 -856 -818

9779 72 -838 -800

9808 71 -820 -782

9837 70 -802 -765

9867 69 -785 -747

9895 68 -768 -730

9924 67 -750 -713

9954 66 -733 -696

9982 65 -716 -680

10012 64 -699 -663

10042 63 -682 -646

10073 62 -665 -629

10102 61 -648 -612

10133 60 -631 -596

10163 59 -614 -580

10192 58 -598 -564

10223 57 -582 -548

10253 56 -565 -533

10284 55 -550 -518

10313 54 -534 -503

10344 53 -519 -488

10374 52 -503 -473

10404 51 -488 -459

10434 50 -473 -444

10465 49 -459 -430

10494 48 -444 -416

10524 47 -430 -402

10555 46 -416 -388

10585 45 -402 -375

10615 44 -389 -361

10645 43 -376 -348

10676 42 -362 -335

10705 41 -350 -322

10736 40 -337 -309

10766 39 -325 -297

10797 38 -313 -285

10826 37 -301 -273

10856 36 -290 -261

10887 35 -279 -250

10916 34 -268 -239

10947 33 -258 -228

10977 32 -248 -217

11008 31 -238 -207

11037 30 -229 -197

11068 29 -220 -188

11098 28 -211 -178

11128 27 -203 -170

11158 26 -195 -161

11188 25 -187 -153

11218 24 -180 -145

11248 23 -173 -138

11279 22 -167 -131

11309 21 -161 -124

11339 20 -155 -118

11369 19 -150 -112

11400 18 -145 -107

11429 17 -141 -102

11460 16 -137 -97

11489 15 -133 -93

11517 14 -130 -89

11547 13 -127 -85

11576 12 -124 -82

11606 11 -122 -80

11634 10 -121 -78

11664 9 -119 -76

11692 8 -119 -75

11719 7 -118 -74

11748 6 -118 -73

11776 5 -118 -73

11804 4 -118 -73

11832 3 -118 -73

11860 2 -118 -73

11888 1 -118 -73

11916 0 -118 -73

11944 -1 -118 -73

11973 -2 -118 -73

12003 -3 -118 -73

12032 -4 -118 -73

12061 -5 -118 -73

12090 -6 -118 -73

12119 -7 -118 -73

12148 -8 -118 -73

12177 -9 -118 -73

12207 -10 -118 -73

12236 -11 -118 -73

12267 -12 -118 -73

12297 -13 -118 -73

12327 -14 -118 -73

12357 -15 -118 -73

12387 -16 -118 -73

12418 -17 -118 -73

12447 -18 -118 -73

12478 -19 -118 -74

12508 -20 -118 -75

12538 -21 -118 -78

12568 -22 -118 -81

12599 -23 -120 -85

12628 -24 -123 -89

12659 -25 -126 -94

12689 -26 -130 -99

12719 -27 -135 -105

12750 -28 -140 -111

12781 -29 -146 -117

12813 -30 -152 -124

12844 -31 -159 -132

12875 -32 -166 -139

12906 -33 -173 -148

12938 -34 -181 -156

12968 -35 -190 -165

13000 -36 -198 -174

13031 -37 -207 -183

13063 -38 -217 -193

13093 -39 -227 -204

13125 -40 -237 -214

13156 -41 -248 -225

13187 -42 -259 -236

13218 -43 -270 -248

13249 -44 -282 -260

13281 -45 -294 -272

13312 -46 -306 -284

13343 -47 -319 -297

13374 -48 -332 -310

13406 -49 -345 -324

13436 -50 -359 -337

13468 -51 -373 -351

13499 -52 -387 -365

13531 -53 -401 -380

13561 -54 -416 -394

13593 -55 -431 -409

13624 -56 -446 -424

13655 -57 -461 -439

13686 -58 -477 -455

13717 -59 -492 -471

13749 -60 -508 -487

13779 -61 -525 -503

13811 -62 -541 -519

13842 -63 -558 -535

13874 -64 -574 -551

13904 -65 -591 -568

13936 -66 -609 -584

13967 -67 -626 -601

13999 -68 -644 -618

14029 -69 -661 -635

14061 -70 -679 -653

14092 -71 -697 -671

14124 -72 -715 -688

14154 -73 -734 -707

14185 -74 -752 -725

14217 -75 -771 -743

14247 -76 -789 -762

14279 -77 -808 -781

14310 -78 -827 -800

14342 -79 -846 -819

14372 -80 -866 -838

14404 -81 -885 -857

14435 -82 -905 -877

14467 -83 -924 -896

14497 -84 -944 -916

14529 -85 -964 -936

14560 -86 -984 -956

14592 -87 -1005 -977

14623 -88 -1026 -998

14656 -89 -1047 -1019

14689 -90 -1069 -1040

14723 -91 -1091 -1062

14755 -92 -1113 -1084

14789 -93 -1135 -1106

14822 -94 -1157 -1128

14856 -95 -1180 -1149

14888 -96 -1202 -1171

14922 -97 -1225 -1194

14955 -98 -1247 -1216

14989 -99 -1270 -1238

15022 -100 -1293 -1262

15056 -99 -1316 -1284

15089 -98 -1339 -1307

15123 -97 -1362 -1330

15156 -96 -1384 -1353

15190 -95 -1407 -1375

15222 -94 -1430 -1398

15256 -93 -1452 -1421

15289 -92 -1475 -1443

15323 -91 -1497 -1465

15355 -90 -1520 -1488

15389 -89 -1542 -1510

15422 -88 -1564 -1532

15456 -87 -1587 -1554

15489 -86 -1609 -1576

15522 -85 -1631 -1598

15555 -84 -1653 -1620

15589 -83 -1675 -1641

15622 -82 -1697 -1663

15655 -81 -1718 -1684

15688 -80 -1740 -1705

15722 -79 -1761 -1726

15755 -78 -1783 -1746

15789 -77 -1804 -1767

15821 -76 -1825 -1788

15855 -75 -1846 -1808

15888 -74 -1867 -1829

15922 -73 -1888 -1849

15954 -72 -1909 -1870

15988 -71 -1929 -1890

16021 -70 -1950 -1910

16055 -69 -1970 -1930

16088 -68 -1990 -1950

16121 -67 -2010 -1969

16154 -66 -2030 -1989

16188 -65 -2050 -2008

16221 -64 -2069 -2028

16254 -63 -2088 -2047

16287 -62 -2107 -2066

16321 -61 -2126 -2085

16354 -60 -2145 -2103

16388 -59 -2164 -2122

16420 -58 -2183 -2140

16454 -57 -2201 -2158

16487 -56 -2219 -2176

16521 -55 -2237 -2194

16553 -54 -2255 -2211

16587 -53 -2273 -2228

16620 -52 -2290 -2245

16654 -51 -2308 -2261

16687 -50 -2325 -2278

16720 -49 -2341 -2294

16753 -48 -2358 -2309

16787 -47 -2374 -2325

16820 -46 -2390 -2340

16854 -45 -2406 -2356

16886 -44 -2422 -2371

16920 -43 -2437 -2385

16953 -42 -2452 -2400

16987 -41 -2467 -2414

17019 -40 -2482 -2428

17053 -39 -2496 -2442

17086 -38 -2510 -2456

17120 -37 -2524 -2469

17153 -36 -2537 -2482

17186 -35 -2550 -2495

17219 -34 -2563 -2507

17253 -33 -2575 -2519

17286 -32 -2587 -2531

17319 -31 -2599 -2542

17352 -30 -2610 -2554

17386 -29 -2621 -2564

17419 -28 -2631 -2575

17453 -27 -2642 -2585

17485 -26 -2651 -2595

17519 -25 -2661 -2604

17552 -24 -2670 -2613

17586 -23 -2678 -2622

17618 -22 -2686 -2630

17652 -21 -2693 -2638

17685 -20 -2700 -2645

17719 -19 -2707 -2652

17752 -18 -2713 -2658

17785 -17 -2719 -2664

17818 -16 -2724 -2670

17852 -15 -2728 -2675

17885 -14 -2732 -2680

17918 -13 -2736 -2684

17951 -12 -2739 -2688

17985 -11 -2742 -2691

18018 -10 -2744 -2693

18052 -9 -2746 -2695

18083 -8 -2747 -2697

18116 -7 -2748 -2698

18148 -6 -2748 -2698

18180 -5 -2748 -2698

18212 -4 -2748 -2698

18244 -3 -2748 -2698

18277 -2 -2748 -2698

18309 -1 -2748 -2698

18341 0 -2748 -2698

18372 1 -2748 -2698

18404 2 -2748 -2698

18435 3 -2748 -2698

18466 4 -2748 -2698

18497 5 -2748 -2698

18529 6 -2748 -2698

18560 7 -2748 -2698

18591 8 -2748 -2698

18622 9 -2748 -2698

18654 10 -2748 -2698

18685 11 -2748 -2698

18718 12 -2748 -2698

18750 13 -2748 -2698

18783 14 -2748 -2698

18814 15 -2748 -2698

18846 16 -2748 -2698

18879 17 -2748 -2698

18911 18 -2748 -2698

18944 19 -2748 -2698

18975 20 -2748 -2697

19008 21 -2748 -2695

19040 22 -2748 -2692

19073 23 -2746 -2688

19104 24 -2743 -2684

19137 25 -2740 -2680

19169 26 -2735 -2675

19202 27 -2731 -2669

19233 28 -2725 -2663

19266 29 -2720 -2657

19298 30 -2713 -2650

19331 31 -2707 -2642

19362 32 -2700 -2634

19395 33 -2692 -2626

19427 34 -2685 -2617

19460 35 -2677 -2608

19491 36 -2668 -2599

19524 37 -2659 -2589

19556 38 -2650 -2579

19589 39 -2640 -2568

19620 40 -2630 -2558

19653 41 -2620 -2546

19685 42 -2609 -2535

19718 43 -2598 -2523

19749 44 -2586 -2511

19782 45 -2574 -2499

19814 46 -2562 -2486

19847 47 -2549 -2473

19878 48 -2536 -2460

19910 49 -2523 -2446

19943 50 -2510 -2433

19975 51 -2496 -2419

20007 52 -2482 -2404

20039 53 -2467 -2390

20072 54 -2452 -2375

20104 55 -2438 -2360

20136 56 -2422 -2345

20168 57 -2407 -2330

20201 58 -2391 -2314

20233 59 -2375 -2298

20265 60 -2359 -2282

20297 61 -2343 -2266

20330 62 -2326 -2250

20362 63 -2309 -2234

20395 64 -2292 -2218

20426 65 -2275 -2201

20459 66 -2258 -2184

20491 67 -2240 -2168

20524 68 -2222 -2150

20555 69 -2204 -2133

20588 70 -2186 -2115

20620 71 -2167 -2097

20653 72 -2149 -2079

20684 73 -2130 -2061

20717 74 -2111 -2042

20749 75 -2092 -2023

20782 76 -2072 -2004

20813 77 -2053 -1985

20846 78 -2033 -1966

20878 79 -2014 -1946

20910 80 -1994 -1926

20942 81 -1974 -1906

20974 82 -1954 -1886

21007 83 -1933 -1866

21039 84 -1913 -1846

21071 85 -1892 -1826

21103 86 -1872 -1805

21136 87 -1851 -1785

21168 88 -1830 -1764

21200 89 -1809 -1744

21232 90 -1788 -1723

21265 91 -1766 -1702

21297 92 -1745 -1681

21329 93 -1723 -1661

21361 94 -1702 -1640

21394 95 -1680 -1619

21426 96 -1658 -1598

21458 97 -1636 -1577

21490 98 -1614 -1555

21523 99 -1592 -1534

21555 100 -1569 -1511

21588 99 -1547 -1489

21620 98 -1525 -1467

21653 97 -1503 -1445

21685 96 -1480 -1423

21718 95 -1458 -1402

21749 94 -1436 -1380

21782 93 -1414 -1358

21814 92 -1392 -1336

21847 91 -1370 -1315

21878 90 -1348 -1293

21911 89 -1326 -1272

21943 88 -1305 -1250

21975 87 -1283 -1229

22007 86 -1261 -1208

22039 85 -1240 -1187

22072 84 -1219 -1167

22104 83 -1198 -1146

22136 82 -1177 -1126

22168 81 -1156 -1105

22201 80 -1135 -1085

22233 79 -1114 -1066

22265 78 -1094 -1046

22297 77 -1073 -1026

22330 76 -1053 -1007

22362 75 -1033 -987

22393 74 -1013 -968

22424 73 -994 -950

22455 72 -975 -932

22484 71 -957 -914

22515 70 -939 -896

22545 69 -920 -878

22576 68 -902 -860

22605 67 -885 -842

22635 66 -867 -824

22666 65 -849 -807

22695 64 -832 -790

22726 63 -814 -772

22756 62 -797 -755

22787 61 -780 -738

22816 60 -763 -722

22847 59 -747 -705

22877 58 -730 -689

22906 57 -714 -673

22937 56 -697 -657

22967 55 -682 -641

22998 54 -666 -626

23027 53 -650 -611

23058 52 -635 -596

23088 51 -620 -581

23118 50 -605 -566

23148 49 -590 -552

23179 48 -575 -538

23208 47 -561 -525

23238 46 -547 -512

23269 45 -533 -499

23299 44 -520 -486

23329 43 -506 -473

23359 42 -493 -461

23390 41 -480 -448

23419 40 -468 -436

23450 39 -455 -424

23480 38 -443 -412

23511 37 -431 -401

23540 36 -420 -389

23570 35 -409 -378

23601 34 -398 -367

23630 33 -387 -357

23661 32 -377 -346

23691 31 -367 -336

23721 30 -357 -326

23751 29 -348 -317

23782 28 -339 -307

23812 27 -331 -298

23842 26 -323 -290

23872 25 -315 -282

23902 24 -308 -274

23932 23 -301 -266

23962 22 -294 -259

23993 21 -288 -252

24023 20 -282 -245

24053 19 -277 -239

24083 18 -272 -233

24114 17 -267 -228

24143 16 -263 -223

24174 15 -259 -218

24204 14 -256 -214

24233 13 -253 -210

24264 12 -250 -207

24294 11 -248 -204

24325 10 -246 -202

24354 9 -245 -200

24384 8 -244 -199

24413 7 -243 -198

24442 6 -243 -197

24471 5 -243 -197

24500 4 -243 -197

24529 3 -243 -197

24558 2 -243 -197

24588 1 -243 -197

24616 0 -243 -197

24646 -1 -243 -197

24676 -2 -243 -197

24707 -3 -243 -197

24736 -4 -243 -197

24766 -5 -243 -197

24797 -6 -243 -197

24826 -7 -243 -197

24857 -8 -243 -197

24887 -9 -243 -197

24918 -10 -243 -197

24948 -11 -243 -197

24980 -12 -243 -197

25011 -13 -243 -197

25042 -14 -243 -197

25073 -15 -243 -197

25105 -16 -243 -197

25136 -17 -243 -197

25166 -18 -243 -197

25198 -19 -243 -197

25229 -20 -243 -197

25261 -21 -243 -197

25291 -22 -244 -197

25323 -23 -245 -198

25354 -24 -247 -199

25385 -25 -251 -202

25416 -26 -255 -206

25448 -27 -260 -211

25479 -28 -265 -216

25510 -29 -271 -223

25541 -30 -277 -229

25573 -31 -284 -237

25604 -32 -291 -244

25634 -33 -298 -252

25666 -34 -306 -261

25697 -35 -315 -270

25729 -36 -323 -279

25759 -37 -332 -288

25791 -38 -342 -298

25822 -39 -352 -308

25853 -40 -362 -319

25884 -41 -373 -330

25916 -42 -384 -341

25947 -43 -396 -353

25978 -44 -407 -365

26009 -45 -420 -377

26041 -46 -432 -390

26072 -47 -445 -403

26103 -48 -458 -416

26134 -49 -471 -429

26165 -50 -485 -443

26196 -51 -499 -457

26227 -52 -513 -471

26259 -53 -528 -485

26290 -54 -543 -500

26321 -55 -558 -514

26352 -56 -573 -529

26384 -57 -588 -544

26415 -58 -604 -559

26446 -59 -620 -574

26477 -60 -636 -590

26509 -61 -652 -605

26540 -62 -669 -621

26571 -63 -685 -637

26602 -64 -702 -654

26633 -65 -719 -670

26664 -66 -737 -687

26695 -67 -754 -704

26727 -68 -772 -722

26758 -69 -790 -739

26789 -70 -807 -757

26820 -71 -826 -775

26852 -72 -844 -793

26883 -73 -862 -811

26914 -74 -881 -829

26945 -75 -900 -848

26977 -76 -918 -867

27008 -77 -937 -885

27039 -78 -957 -904

27070 -79 -976 -924

27102 -80 -995 -943

27132 -81 -1015 -963

27164 -82 -1035 -983

27197 -83 -1056 -1004

27230 -84 -1077 -1025

27264 -85 -1099 -1046

27296 -86 -1120 -1067

27330 -87 -1142 -1088

27363 -88 -1164 -1109

27397 -89 -1186 -1131

27429 -90 -1208 -1152

27463 -91 -1230 -1174

27496 -92 -1252 -1195

27530 -93 -1274 -1217

27563 -94 -1297 -1239

27596 -95 -1319 -1261

27629 -96 -1342 -1284

27663 -97 -1365 -1306

27696 -98 -1387 -1328

27729 -99 -1410 -1351

27762 -100 -1433 -1374

27797 -99 -1456 -1397

27830 -98 -1479 -1420

27864 -97 -1502 -1443

27896 -96 -1525 -1466

27930 -95 -1547 -1488

27963 -94 -1570 -1511

27997 -93 -1592 -1534

28029 -92 -1615 -1556

28063 -91 -1638 -1579

28096 -90 -1660 -1601

28130 -89 -1683 -1623

28163 -88 -1705 -1645

28196 -87 -1727 -1667

28229 -86 -1750 -1688

28263 -85 -1772 -1710

28296 -84 -1794 -1731

28329 -83 -1816 -1753

28362 -82 -1837 -1774

28396 -81 -1859 -1795

28429 -80 -1881 -1816

28463 -79 -1903 -1837

28495 -78 -1924 -1858

28529 -77 -1945 -1879

28562 -76 -1967 -1900

28596 -75 -1988 -1921

28628 -74 -2009 -1942

28662 -73 -2030 -1962

28695 -72 -2050 -1983

28729 -71 -2071 -2003

28762 -70 -2092 -2023

28795 -69 -2112 -2043

28828 -68 -2132 -2063

28862 -67 -2152 -2083

28895 -66 -2172 -2103

28929 -65 -2192 -2122

28961 -64 -2211 -2141

28995 -63 -2231 -2161

29028 -62 -2250 -2179

29062 -61 -2269 -2198

29094 -60 -2288 -2217

29128 -59 -2307 -2235

29161 -58 -2326 -2253

29195 -57 -2344 -2270

29228 -56 -2362 -2288

29261 -55 -2380 -2305

29294 -54 -2398 -2322

29328 -53 -2416 -2339

29361 -52 -2434 -2356

29394 -51 -2451 -2372

29427 -50 -2468 -2389

29461 -49 -2485 -2405

29494 -48 -2502 -2422

29528 -47 -2518 -2438

29560 -46 -2535 -2453

29594 -45 -2551 -2469

29627 -44 -2566 -2484

29661 -43 -2582 -2499

29693 -42 -2597 -2514

29727 -41 -2612 -2528

29760 -40 -2627 -2543

29794 -39 -2641 -2557

29827 -38 -2655 -2570

29860 -37 -2669 -2584

29893 -36 -2682 -2597

29927 -35 -2696 -2610

29960 -34 -2708 -2623

29993 -33 -2721 -2635

30026 -32 -2733 -2647

30060 -31 -2744 -2658

30093 -30 -2756 -2670

30127 -29 -2767 -2681

30159 -28 -2777 -2691

30193 -27 -2788 -2701

30226 -26 -2797 -2711

30260 -25 -2807 -2720

30292 -24 -2816 -2729

30326 -23 -2824 -2738

30359 -22 -2832 -2746

30393 -21 -2840 -2753

30426 -20 -2847 -2760

30459 -19 -2854 -2766

30492 -18 -2860 -2772

30526 -17 -2865 -2778

30559 -16 -2871 -2783

30593 -15 -2875 -2787

30625 -14 -2879 -2791

30659 -13 -2883 -2794

30692 -12 -2886 -2797

30726 -11 -2889 -2800

30758 -10 -2891 -2802

30792 -9 -2893 -2803

30824 -8 -2894 -2803

30857 -7 -2895 -2803

30888 -6 -2896 -2803

30921 -5 -2896 -2803

30953 -4 -2896 -2803

30986 -3 -2896 -2803

31017 -2 -2896 -2803

31050 -1 -2896 -2803

31082 0 -2896 -2803

31114 1 -2896 -2803

31144 2 -2896 -2803

31176 3 -2896 -2803

31207 4 -2896 -2803

31239 5 -2896 -2803

31269 6 -2896 -2803

31301 7 -2896 -2803

31332 8 -2896 -2803

31364 9 -2896 -2803

31394 10 -2896 -2803

31426 11 -2896 -2803

31459 12 -2896 -2803

31491 13 -2896 -2803

31523 14 -2896 -2803

31555 15 -2896 -2803

31588 16 -2896 -2803

31620 17 -2896 -2803

31652 18 -2896 -2803

31684 19 -2896 -2801

31717 20 -2896 -2799

31749 21 -2896 -2797

31781 22 -2896 -2794

31813 23 -2896 -2790

31846 24 -2895 -2786

31878 25 -2893 -2782

31910 26 -2889 -2777

31942 27 -2885 -2772

31975 28 -2880 -2766

32007 29 -2874 -2760

32039 30 -2868 -2754

32071 31 -2862 -2747

32104 32 -2855 -2739

32136 33 -2848 -2732

32168 34 -2840 -2724

32200 35 -2832 -2715

32233 36 -2824 -2706

32265 37 -2815 -2697

32297 38 -2806 -2687

32329 39 -2796 -2677

32362 40 -2786 -2667

32394 41 -2775 -2656

32427 42 -2764 -2645

32458 43 -2753 -2633

32490 44 -2741 -2622

32523 45 -2729 -2609

32555 46 -2717 -2597

32587 47 -2704 -2584

32619 48 -2691 -2571

32652 49 -2678 -2557

32684 50 -2664 -2544

32716 51 -2650 -2530