Time PWM Left Right
22 -23 0 0
 
 
 
43 -26 0 -1
 
 
 
65 -29 -1 -3
 
 
 
88 -32 -4 -6
 
 
 
110 -35 -7 -10
 
 
133 -37 -11 -14
 
 
155 -39 -15 -19
 
 
178 -41 -21 -25
 
 
201 -43 -26 -32
 
 
224 -45 -33 -38
 
 
246 -47 -40 -46
 
267 -48 -46 -53
 
 
289 -50 -54 -61
 
 
312 -52 -63 -69
 
 
335 -54 -72 -78
 
 
358 -56 -81 -88
 
 
380 -58 -90 -97
 
401 -59 -99 -106
 
 
424 -61 -110 -117
 
446 -62 -120 -127
 
468 -63 -130 -137
 
490 -64 -141 -148
 
512 -65 -152 -158
 
534 -66 -163 -169
 
556 -67 -175 -181
 
577 -68 -186 -192
 
600 -69 -198 -203
 
621 -70 -210 -215
 
643 -71 -222 -227
 
665 -72 -234 -239
 
687 -73 -246 -251
 
708 -74 -258 -264
 
731 -75 -271 -276
 
752 -76 -283 -289
 
774 -77 -296 -301
 
796 -78 -309 -314
 
818 -79 -322 -327
 
839 -80 -335 -340
 
862 -81 -348 -353
 
883 -82 -361 -367
 
905 -83 -375 -380
 
927 -84 -388 -394
 
949 -85 -401 -407
 
970 -86 -415 -421
 
993 -87 -429 -434
 
1014 -88 -443 -449
 
1037 -89 -457 -463
 
1060 -90 -472 -478
 
1083 -91 -486 -493
 
1105 -92 -501 -508
 
1129 -93 -516 -523
 
1152 -94 -531 -538
 
1174 -95 -546 -553
 
1198 -96 -561 -568
 
1220 -97 -576 -583
 
1243 -98 -591 -598
 
1266 -99 -606 -613
 
1289 -100 -622 -629
 
1312 -99 -638 -645
 
1336 -98 -653 -660
 
1358 -97 -668 -675
 
1381 -96 -684 -690
 
1404 -95 -699 -706
 
1427 -94 -715 -721
 
1449 -93 -730 -736
 
1473 -92 -745 -751
 
1496 -91 -761 -766
 
1518 -90 -776 -781
 
1542 -89 -791 -796
 
1564 -88 -806 -811
 
1587 -87 -821 -826
 
1610 -86 -836 -841
 
1633 -85 -851 -855
 
1656 -84 -866 -870
 
1679 -83 -881 -885
 
1701 -82 -895 -900
 
1725 -81 -910 -914
 
1747 -80 -925 -929
 
1770 -79 -939 -943
 
1794 -78 -953 -957
 
1816 -77 -968 -972
 
1839 -76 -982 -986
 
1862 -75 -996 -1000
 
1886 -74 -1011 -1015
 
1910 -73 -1026 -1030
 
1936 -72 -1042 -1046
 
1960 -71 -1057 -1061
 
1985 -70 -1072 -1076
 
2011 -69 -1087 -1090
 
2035 -68 -1101 -1105
 
2061 -67 -1116 -1120
 
2085 -66 -1131 -1134
 
2110 -65 -1145 -1149
 
2136 -64 -1160 -1163
 
2160 -63 -1174 -1177
 
2185 -62 -1188 -1191
 
2210 -61 -1202 -1205
 
2235 -60 -1216 -1218
 
2260 -59 -1230 -1232
 
2285 -58 -1244 -1245
 
2310 -57 -1258 -1258
 
2335 -56 -1271 -1271
 
2360 -55 -1284 -1283
 
2384 -54 -1298 -1296
 
2410 -53 -1311 -1308
 
2435 -52 -1324 -1321
 
2460 -51 -1336 -1333
 
2485 -50 -1349 -1345
 
2509 -49 -1361 -1357
 
2535 -48 -1374 -1369
 
2560 -47 -1386 -1381
 
2584 -46 -1398 -1392
 
2610 -45 -1409 -1404
 
2634 -44 -1421 -1415
 
2660 -43 -1432 -1426
 
2684 -42 -1443 -1437
 
2709 -41 -1454 -1448
 
2735 -40 -1465 -1458
 
2759 -39 -1476 -1469
 
2784 -38 -1486 -1479
 
2809 -37 -1496 -1489
 
2834 -36 -1506 -1498
 
2860 -35 -1516 -1508
 
2884 -34 -1525 -1517
 
2909 -33 -1535 -1526
 
2934 -32 -1544 -1535
 
2959 -31 -1552 -1543
 
2983 -30 -1561 -1552
 
3009 -29 -1569 -1560
 
3034 -28 -1577 -1568
 
3059 -27 -1585 -1575
 
3084 -26 -1592 -1583
 
3108 -25 -1600 -1590
 
3134 -24 -1606 -1597
 
3159 -23 -1613 -1603
 
3183 -22 -1619 -1609
 
3209 -21 -1625 -1615
 
3233 -20 -1630 -1621
 
3259 -19 -1635 -1626
 
3283 -18 -1640 -1631
 
3308 -17 -1645 -1636
 
3334 -16 -1649 -1640
 
3358 -15 -1652 -1644
 
3383 -14 -1656 -1648
 
3408 -13 -1659 -1652
 
3433 -12 -1662 -1655
 
3459 -11 -1664 -1657
 
3483 -10 -1666 -1660
 
3508 -9 -1667 -1662
 
3532 -8 -1669 -1663
 
3556 -7 -1669 -1664
 
3579 -6 -1670 -1665
 
3604 -5 -1670 -1666
 
3628 -4 -1670 -1666
 
3651 -3 -1670 -1666
 
3676 -2 -1670 -1666
 
3699 -1 -1670 -1666
 
3724 0 -1670 -1666
 
3746 1 -1670 -1666
 
3769 2 -1670 -1666
 
3792 3 -1670 -1666
 
3815 4 -1670 -1666
 
3837 5 -1670 -1666
 
3861 6 -1670 -1666
 
3884 7 -1670 -1666
 
3906 8 -1670 -1666
 
3930 9 -1670 -1666
 
3952 10 -1670 -1666
 
3976 11 -1670 -1666
 
4000 12 -1670 -1666
 
4024 13 -1670 -1666
 
4047 14 -1670 -1666
 
4072 15 -1670 -1666
 
4096 16 -1670 -1666
 
4120 17 -1670 -1666
 
4144 18 -1670 -1666
 
4167 19 -1670 -1665
 
4192 20 -1670 -1663
 
4215 21 -1670 -1662
 
4239 22 -1670 -1660
 
4263 23 -1670 -1657
 
4287 24 -1670 -1654
 
4311 25 -1670 -1651
 
4335 26 -1670 -1647
 
4359 27 -1669 -1643
 
4382 28 -1667 -1639
 
4407 29 -1664 -1634
 
4430 30 -1661 -1629
 
4455 31 -1657 -1624
 
4478 32 -1653 -1619
 
4502 33 -1649 -1613
 
4527 34 -1644 -1607
 
4550 35 -1638 -1600
 
4574 36 -1633 -1594
 
4598 37 -1627 -1587
 
4622 38 -1620 -1580
 
4645 39 -1614 -1572
 
4670 40 -1607 -1564
 
4694 41 -1600 -1557
 
4718 42 -1592 -1548
 
4742 43 -1584 -1540
 
4765 44 -1576 -1532
 
4790 45 -1568 -1523
 
4813 46 -1559 -1514
 
4837 47 -1550 -1504
 
4861 48 -1541 -1495
 
4885 49 -1532 -1485
 
4909 50 -1522 -1476
 
4933 51 -1513 -1465
 
4957 52 -1503 -1455
 
4980 53 -1492 -1445
 
5005 54 -1482 -1434
 
5028 55 -1471 -1423
 
5053 56 -1461 -1413
 
5076 57 -1449 -1401
 
5100 58 -1438 -1390
 
5125 59 -1427 -1379
 
5148 60 -1415 -1367
 
5172 61 -1404 -1356
 
5196 62 -1392 -1344
 
5220 63 -1380 -1332
 
5243 64 -1367 -1319
 
5268 65 -1355 -1307
 
5292 66 -1342 -1295
 
5315 67 -1329 -1282
 
5340 68 -1317 -1269
 
5363 69 -1303 -1257
 
5388 70 -1290 -1244
 
5411 71 -1277 -1231
 
5435 72 -1263 -1218
 
5459 73 -1250 -1205
 
5483 74 -1236 -1192
 
5507 75 -1222 -1179
 
5531 76 -1208 -1165
 
5555 77 -1194 -1152
 
5578 78 -1180 -1138
 
5603 79 -1165 -1124
 
5626 80 -1151 -1110
 
5651 81 -1136 -1096
 
5675 82 -1122 -1082
 
5698 83 -1107 -1067
 
5723 84 -1092 -1053
 
5746 85 -1077 -1038
 
5770 86 -1062 -1023
 
5794 87 -1047 -1008
 
5818 88 -1031 -993
 
5840 89 -1017 -978
 
5864 90 -1002 -964
 
5886 91 -987 -950
 
5908 92 -973 -935
 
5931 93 -958 -921
 
5952 94 -944 -907
 
5974 95 -929 -893
 
5996 96 -915 -878
 
6018 97 -900 -864
 
6039 98 -885 -849
 
6062 99 -870 -835
 
6083 100 -855 -820
 
6106 99 -840 -805
 
6128 98 -825 -790
 
6150 97 -810 -776
 
6171 96 -795 -761
 
6194 95 -780 -746
 
6215 94 -765 -732
 
6237 93 -750 -717
 
6259 92 -735 -703
 
6281 91 -721 -689
 
6302 90 -706 -674
 
6325 89 -691 -660
 
6346 88 -677 -646
 
6368 87 -662 -632
 
6390 86 -647 -618
 
6412 85 -633 -605
 
6433 84 -619 -591
 
6456 83 -605 -577
 
6477 82 -590 -564
 
6499 81 -576 -550
 
6521 80 -562 -536
 
6543 79 -548 -523
 
6564 78 -534 -509
 
6587 77 -521 -496
 
6608 76 -507 -482
 
6630 75 -493 -469
 
6652 74 -480 -455
 
6674 73 -466 -442
 
6695 72 -453 -429
 
6718 71 -439 -416
 
6739 70 -426 -403
 
6761 69 -413 -390
 
6784 68 -400 -377
 
6805 67 -387 -364
 
6827 66 -374 -351
 
6849 65 -362 -339
 
6871 64 -349 -326
 
6892 63 -337 -314
 
6915 62 -324 -302
 
6936 61 -312 -290
 
6958 60 -300 -278
 
6979 59 -288 -266
 
7002 58 -276 -254
 
7023 57 -264 -242
 
7045 56 -252 -231
 
7067 55 -241 -219
 
7089 54 -229 -208
 
7110 53 -218 -197
 
7133 52 -207 -186
 
7154 51 -196 -175
 
7176 50 -185 -164
 
7198 49 -175 -154
 
7220 48 -164 -143
 
7241 47 -154 -133
 
7264 46 -144 -123
 
7285 45 -133 -114
 
7307 44 -124 -104
 
7329 43 -114 -95
 
7350 42 -105 -86
 
 
7373 40 -94 -77
 
7394 39 -86 -69
 
 
7416 37 -77 -61
 
 
7439 35 -68 -52
 
 
7462 33 -59 -44
 
 
7485 31 -50 -36
 
 
7507 29 -42 -28
 
7528 28 -35 -22
 
 
7550 26 -28 -15
 
 
7573 24 -21 -8
 
 
7596 22 -15 -2
 
 
7617 20 -9 3
 
 
 
7640 17 -3 9
 
 
 
7663 14 2 13
 
 
 
7686 11 6 18
 
 
 
7708 8 10 22
 
 
7729 6 13 25
 
 
 
7751 3 15 28
 
 
 
7774 0 17 30
 
 
 
7797 -3 16 29
 
 
7818 -5 16 29
 
 
 
7841 -8 16 29
 
 
7863 -10 16 29
 
 
7884 -12 16 29
 
 
7906 -14 16 29
 
 
7928 -16 16 29
 
 
7950 -18 16 29
 
 
7971 -20 16 29
 
 
7994 -22 16 29
 
 
8015 -24 16 29
 
 
8037 -26 16 28
 
 
8059 -28 15 26
 
 
8081 -30 13 24
 
 
8102 -32 11 21
 
 
8125 -34 8 17
 
 
 
8148 -37 3 12
 
 
8169 -39 -1 7
 
 
8190 -41 -6 1
 
 
8211 -43 -11 -5
 
 
8233 -45 -18 -13
 
8255 -46 -24 -20
 
 
8279 -48 -32 -28
 
 
8302 -50 -41 -37
 
8324 -51 -48 -45
 
 
8347 -53 -58 -55
 
8368 -54 -67 -64
 
8389 -55 -75 -73
 
8410 -56 -85 -82
 
 
8433 -58 -95 -93
 
8455 -59 -105 -103
 
8477 -60 -116 -113
 
8500 -61 -127 -124
 
8523 -62 -139 -135
 
8546 -63 -150 -147
 
8568 -64 -162 -158
 
8592 -65 -174 -170
 
8614 -66 -186 -182
 
8637 -67 -199 -194
 
8660 -68 -211 -206
 
8683 -69 -224 -218
 
8706 -70 -236 -231
 
8729 -71 -249 -243
 
8752 -72 -262 -256
 
8774 -73 -275 -269
 
8798 -74 -289 -282
 
8820 -75 -302 -296
 
8843 -76 -316 -309
 
8866 -77 -329 -322
 
8889 -78 -343 -336
 
8912 -79 -357 -350
 
8935 -80 -370 -364
 
8957 -81 -384 -378
 
8981 -82 -399 -392
 
9004 -83 -413 -406
 
9026 -84 -427 -420
 
9050 -85 -441 -434
 
9072 -86 -455 -449
 
9095 -87 -470 -463
 
9118 -88 -485 -478
 
9141 -89 -499 -492
 
9163 -90 -514 -507
 
9187 -91 -529 -522
 
9209 -92 -544 -537
 
9232 -93 -559 -552
 
9255 -94 -574 -567
 
9278 -95 -589 -582
 
9300 -96 -604 -597
 
9324 -97 -620 -612
 
9347 -98 -635 -628
 
9369 -99 -650 -643
 
9393 -100 -667 -659
 
9416 -99 -682 -674
 
9439 -98 -698 -689
 
9462 -97 -713 -704
 
9485 -96 -729 -720
 
9507 -95 -745 -735
 
9531 -94 -760 -750
 
9553 -93 -776 -765
 
9577 -92 -791 -780
 
9600 -91 -806 -796
 
9622 -90 -822 -811
 
9646 -89 -837 -826
 
9668 -88 -852 -841
 
9691 -87 -868 -856
 
9714 -86 -883 -871
 
9737 -85 -898 -886
 
9759 -84 -913 -900
 
9783 -83 -928 -915
 
9805 -82 -943 -930
 
9828 -81 -957 -944
 
9851 -80 -972 -959
 
9874 -79 -987 -973
 
9896 -78 -1001 -988
 
9921 -77 -1016 -1003
 
9946 -76 -1032 -1019
 
9970 -75 -1048 -1034
 
9996 -74 -1063 -1050
 
10020 -73 -1079 -1066
 
10047 -72 -1095 -1081
 
10073 -71 -1111 -1097
 
10098 -70 -1127 -1113
 
10125 -69 -1143 -1128
 
10150 -68 -1158 -1144
 
10177 -67 -1174 -1159
 
10203 -66 -1189 -1174
 
10228 -65 -1205 -1189
 
10255 -64 -1220 -1203
 
10280 -63 -1235 -1218
 
10306 -62 -1250 -1232
 
10333 -61 -1265 -1247
 
10358 -60 -1279 -1261
 
10385 -59 -1294 -1274
 
10411 -58 -1308 -1288
 
10436 -57 -1323 -1302
 
10463 -56 -1337 -1315
 
10488 -55 -1351 -1329
 
10515 -54 -1365 -1342
 
10541 -53 -1378 -1355
 
10566 -52 -1392 -1368
 
10593 -51 -1405 -1381
 
10618 -50 -1419 -1394
 
10645 -49 -1432 -1406
 
10671 -48 -1444 -1419
 
10696 -47 -1457 -1431
 
10723 -46 -1470 -1443
 
10748 -45 -1482 -1455
 
10775 -44 -1494 -1467
 
10801 -43 -1506 -1478
 
10826 -42 -1518 -1489
 
10853 -41 -1530 -1501
 
10878 -40 -1541 -1511
 
10904 -39 -1552 -1522
 
10931 -38 -1563 -1533
 
10956 -37 -1574 -1543
 
10983 -36 -1585 -1553
 
11009 -35 -1595 -1562
 
11034 -34 -1605 -1572
 
11061 -33 -1615 -1581
 
11086 -32 -1625 -1590
 
11113 -31 -1634 -1599
 
11139 -30 -1643 -1608
 
11164 -29 -1652 -1616
 
11191 -28 -1661 -1624
 
11216 -27 -1669 -1632
 
11243 -26 -1677 -1640
 
11269 -25 -1684 -1647
 
11294 -24 -1692 -1654
 
11321 -23 -1699 -1661
 
11346 -22 -1705 -1667
 
11372 -21 -1711 -1673
 
11399 -20 -1717 -1679
 
11424 -19 -1723 -1684
 
11451 -18 -1728 -1689
 
11476 -17 -1732 -1694
 
11502 -16 -1737 -1699
 
11529 -15 -1740 -1703
 
11554 -14 -1744 -1706
 
11581 -13 -1747 -1710
 
11607 -12 -1750 -1713
 
11632 -11 -1752 -1715
 
11659 -10 -1754 -1717
 
11684 -9 -1756 -1719
 
11710 -8 -1757 -1720
 
11735 -7 -1758 -1721
 
11759 -6 -1759 -1721
 
11785 -5 -1760 -1721
 
11809 -4 -1760 -1721
 
11834 -3 -1760 -1721
 
11859 -2 -1760 -1721
 
11884 -1 -1760 -1721
 
11910 0 -1760 -1721
 
11933 1 -1760 -1721
 
11957 2 -1760 -1721
 
11981 3 -1760 -1721
 
12005 4 -1760 -1721
 
12028 5 -1760 -1721
 
12053 6 -1760 -1721
 
12077 7 -1760 -1721
 
12100 8 -1760 -1721
 
12125 9 -1760 -1721
 
12148 10 -1760 -1721
 
12174 11 -1760 -1721
 
12198 12 -1760 -1721
 
12223 13 -1760 -1721
 
12249 14 -1760 -1721
 
12273 15 -1760 -1721
 
12298 16 -1760 -1721
 
12323 17 -1760 -1721
 
12348 18 -1760 -1721
 
12374 19 -1760 -1720
 
12398 20 -1760 -1720
 
12423 21 -1760 -1718
 
12448 22 -1760 -1716
 
12473 23 -1760 -1713
 
12497 24 -1760 -1711
 
12523 25 -1759 -1707
 
12548 26 -1757 -1704
 
12573 27 -1755 -1700
 
12598 28 -1752 -1695
 
12622 29 -1748 -1691
 
12648 30 -1744 -1686
 
12673 31 -1739 -1680
 
12697 32 -1735 -1675
 
12723 33 -1729 -1669
 
12747 34 -1724 -1663
 
12773 35 -1718 -1656
 
12797 36 -1712 -1650
 
12822 37 -1705 -1643
 
12848 38 -1699 -1635
 
12872 39 -1691 -1628
 
12897 40 -1684 -1620
 
12922 41 -1676 -1612
 
12947 42 -1668 -1603
 
12973 43 -1660 -1595
 
12997 44 -1651 -1586
 
13022 45 -1642 -1576
 
13047 46 -1633 -1567
 
13072 47 -1624 -1557
 
13096 48 -1614 -1547
 
13122 49 -1604 -1537
 
13147 50 -1594 -1527
 
13172 51 -1584 -1516
 
13197 52 -1574 -1505
 
13221 53 -1563 -1494
 
13247 54 -1552 -1483
 
13272 55 -1541 -1472
 
13296 56 -1529 -1460
 
13322 57 -1518 -1449
 
13346 58 -1506 -1437
 
13372 59 -1494 -1425
 
13396 60 -1482 -1412
 
13421 61 -1469 -1400
 
13447 62 -1457 -1388
 
13471 63 -1444 -1375
 
13496 64 -1431 -1362
 
13521 65 -1418 -1349
 
13546 66 -1404 -1336
 
13572 67 -1391 -1323
 
13596 68 -1377 -1309
 
13621 69 -1364 -1296
 
13646 70 -1350 -1282
 
13671 71 -1336 -1269
 
13696 72 -1322 -1255
 
13721 73 -1307 -1241
 
13746 74 -1293 -1227
 
13771 75 -1278 -1213
 
13796 76 -1263 -1199
 
13820 77 -1249 -1185
 
13846 78 -1234 -1171
 
13871 79 -1219 -1156
 
13895 80 -1203 -1142
 
13921 81 -1188 -1127
 
13945 82 -1173 -1112
 
13971 83 -1157 -1097
 
13996 84 -1141 -1082
 
14020 85 -1126 -1066
 
14046 86 -1110 -1051
 
14070 87 -1094 -1035
 
14095 88 -1078 -1020
 
14120 89 -1061 -1004
 
14145 90 -1045 -988
 
14170 91 -1030 -972
 
14193 92 -1014 -957
 
14217 93 -998 -942
 
14240 94 -983 -927
 
14263 95 -967 -912
 
14285 96 -952 -897
 
14309 97 -936 -882
 
14331 98 -921 -866
 
14354 99 -905 -851
 
14377 100 -889 -835
 
14401 99 -873 -820
 
14424 98 -857 -804
 
14447 97 -842 -789
 
14470 96 -826 -774
 
14492 95 -810 -758
 
14516 94 -794 -743
 
14538 93 -779 -728
 
14561 92 -763 -713
 
14584 91 -747 -698
 
14607 90 -732 -683
 
14629 89 -716 -668
 
14653 88 -701 -653
 
14675 87 -686 -639
 
14698 86 -670 -624
 
14722 85 -655 -610
 
14744 84 -640 -595
 
14767 83 -625 -581
 
14790 82 -610 -567
 
14813 81 -595 -552
 
14836 80 -580 -538
 
14859 79 -566 -524
 
14881 78 -551 -510
 
14905 77 -536 -496
 
14927 76 -522 -482
 
14950 75 -507 -468
 
14973 74 -493 -454
 
14996 73 -479 -440
 
15019 72 -465 -426
 
15042 71 -451 -412
 
15065 70 -437 -399
 
15087 69 -423 -385
 
15111 68 -409 -372
 
15133 67 -396 -358
 
15156 66 -382 -345
 
15179 65 -369 -332
 
15202 64 -355 -319
 
15224 63 -342 -306
 
15248 62 -329 -293
 
15270 61 -316 -280
 
15293 60 -303 -268
 
15316 59 -290 -255
 
15339 58 -278 -243
 
15362 57 -265 -231
 
15385 56 -253 -219
 
15408 55 -241 -207
 
15430 54 -229 -196
 
15454 53 -217 -184
 
15476 52 -205 -173
 
15499 51 -193 -161
 
15522 50 -182 -150
 
15545 49 -171 -139
 
15568 48 -160 -129
 
15591 47 -149 -118
 
15613 46 -138 -108
 
15637 45 -127 -98
 
15659 44 -117 -89
 
15680 43 -107 -80
 
15703 42 -98 -71
 
 
15726 40 -87 -62
 
15747 39 -78 -53
 
15768 38 -70 -46
 
15789 37 -61 -38
 
 
15812 35 -52 -29
 
15834 34 -44 -22
 
 
15857 32 -35 -14
 
15878 31 -27 -7
 
 
15901 29 -19 1
 
 
15923 27 -12 8
 
 
15944 25 -5 14
 
 
15967 23 1 20
 
 
 
15990 20 8 27
 
 
16011 18 13 32
 
 
16033 16 19 37
 
 
16055 14 23 42
 
 
16076 12 27 46
 
 
16099 10 31 50
 
 
16120 8 34 53
 
 
16141 6 36 56
 
 
 
16165 3 38 58
 
 
16186 1 39 59
 
 
 
16209 -2 39 60
 
 
16232 -4 38 60
 
 
16253 -6 38 60
 
 
16275 -8 38 60
 
 
16297 -10 38 60
 
 
16320 -12 38 60
 
 
16343 -14 38 60
 
 
16366 -16 38 60
 
 
16389 -18 38 60
 
 
16411 -20 37 60
 
 
16435 -22 37 60
 
 
16457 -24 37 60
 
 
16480 -26 37 59
 
 
16503 -28 37 57
 
 
16526 -30 37 54
 
 
16548 -32 35 50
 
16569 -33 33 46
 
 
16591 -35 30 41
 
 
16614 -37 26 36
 
 
16637 -39 21 30
 
 
16660 -41 15 24
 
 
16683 -43 9 17
 
 
16705 -45 3 10
 
 
16727 -47 -4 2
 
 
16748 -49 -11 -6
 
16770 -50 -19 -14
 
16791 -51 -27 -23
 
16813 -52 -36 -32
 
16835 -53 -45 -42
 
16857 -54 -54 -51
 
16878 -55 -64 -61
 
16901 -56 -74 -71
 
16922 -57 -84 -81
 
16944 -58 -95 -91
 
16966 -59 -105 -102
 
16990 -60 -117 -113
 
17013 -61 -129 -125
 
17038 -62 -141 -136
 
17061 -63 -154 -148
 
17085 -64 -166 -160
 
17110 -65 -179 -173
 
17133 -66 -192 -185
 
17157 -67 -205 -198
 
17181 -68 -218 -211
 
17205 -69 -232 -224
 
17228 -70 -245 -237
 
17253 -71 -259 -250
 
17276 -72 -273 -264
 
17301 -73 -287 -277
 
17325 -74 -301 -291
 
17348 -75 -315 -305
 
17373 -76 -329 -319
 
17396 -77 -344 -333
 
17420 -78 -358 -347
 
17444 -79 -373 -362
 
17468 -80 -387 -376
 
17491 -81 -402 -391
 
17516 -82 -417 -405
 
17540 -83 -432 -420
 
17564 -84 -447 -435
 
17588 -85 -462 -450
 
17611 -86 -477 -465
 
17636 -87 -493 -480
 
17659 -88 -508 -495
 
17683 -89 -524 -511
 
17708 -90 -539 -526
 
17731 -91 -555 -542
 
17755 -92 -571 -557
 
17779 -93 -587 -573
 
17803 -94 -603 -589
 
17826 -95 -619 -605
 
17851 -96 -635 -620
 
17874 -97 -651 -636
 
17899 -98 -667 -652
 
17923 -99 -683 -668
 
17946 -100 -700 -684
 
17972 -99 -717 -700
 
17995 -98 -733 -716
 
18019 -97 -750 -732
 
18043 -96 -766 -748
 
18067 -95 -783 -764
 
18091 -94 -799 -780
 
18115 -93 -815 -796
 
18139 -92 -832 -812
 
18163 -91 -848 -828
 
18187 -90 -864 -844
 
18210 -89 -880 -859
 
18235 -88 -896 -875
 
18258 -87 -912 -891
 
18282 -86 -928 -906
 
18307 -85 -944 -922
 
18330 -84 -960 -937
 
18354 -83 -976 -952
 
18378 -82 -991 -968
 
18402 -81 -1007 -983
 
18426 -80 -1023 -999
 
18452 -79 -1039 -1015
 
18478 -78 -1056 -1031
 
18504 -77 -1072 -1047
 
18530 -76 -1089 -1064
 
18555 -75 -1105 -1080
 
18582 -74 -1122 -1096
 
18608 -73 -1138 -1112
 
18634 -72 -1154 -1128
 
18660 -71 -1170 -1144
 
18685 -70 -1186 -1160
 
18712 -69 -1202 -1175
 
18738 -68 -1217 -1191
 
18764 -67 -1233 -1206
 
18790 -66 -1249 -1221
 
18816 -65 -1264 -1236
 
18842 -64 -1279 -1251
 
18868 -63 -1294 -1265
 
18893 -62 -1309 -1280
 
18920 -61 -1324 -1294
 
18946 -60 -1339 -1308
 
18972 -59 -1354 -1322
 
18998 -58 -1369 -1337
 
19023 -57 -1383 -1351
 
19050 -56 -1397 -1364
 
19076 -55 -1412 -1378
 
19102 -54 -1426 -1392
 
19128 -53 -1440 -1405
 
19153 -52 -1453 -1418
 
19180 -51 -1467 -1432
 
19206 -50 -1480 -1445
 
19232 -49 -1493 -1457
 
19258 -48 -1507 -1470
 
19283 -47 -1520 -1483
 
19310 -46 -1532 -1495
 
19336 -45 -1545 -1507
 
19362 -44 -1557 -1519
 
19388 -43 -1569 -1531
 
19414 -42 -1581 -1542
 
19440 -41 -1593 -1554
 
19466 -40 -1605 -1565
 
19491 -39 -1616 -1576
 
19518 -38 -1627 -1587
 
19544 -37 -1638 -1598
 
19570 -36 -1649 -1608
 
19596 -35 -1659 -1618
 
19621 -34 -1670 -1628
 
19648 -33 -1680 -1637
 
19674 -32 -1689 -1647
 
19700 -31 -1699 -1656
 
19726 -30 -1708 -1664
 
19751 -29 -1717 -1673
 
19778 -28 -1725 -1681
 
19804 -27 -1734 -1689
 
19830 -26 -1742 -1697
 
19856 -25 -1749 -1705
 
19881 -24 -1757 -1712
 
19908 -23 -1764 -1719
 
19934 -22 -1771 -1725
 
19960 -21 -1777 -1731
 
19986 -20 -1783 -1737
 
20012 -19 -1789 -1742
 
20038 -18 -1794 -1747
 
20064 -17 -1798 -1752
 
20089 -16 -1803 -1756
 
20116 -15 -1807 -1760
 
20142 -14 -1811 -1763
 
20168 -13 -1814 -1766
 
20194 -12 -1817 -1769
 
20219 -11 -1819 -1771
 
20246 -10 -1821 -1772
 
20272 -9 -1823 -1774
 
20297 -8 -1824 -1775
 
20322 -7 -1825 -1775
 
20346 -6 -1825 -1775
 
20372 -5 -1825 -1775
 
20397 -4 -1825 -1775
 
20421 -3 -1825 -1775
 
20447 -2 -1825 -1775
 
20471 -1 -1825 -1775
 
20497 0 -1825 -1775
 
20520 1 -1825 -1775
 
20544 2 -1825 -1775
 
20569 3 -1825 -1775
 
20592 4 -1825 -1775
 
20616 5 -1825 -1775
 
20640 6 -1825 -1775
 
20664 7 -1825 -1775
 
20687 8 -1825 -1775
 
20712 9 -1825 -1775
 
20736 10 -1825 -1775
 
20761 11 -1825 -1775
 
20786 12 -1825 -1775
 
20810 13 -1825 -1775
 
20836 14 -1825 -1775
 
20860 15 -1825 -1775
 
20885 16 -1825 -1775
 
20911 17 -1825 -1775
 
20935 18 -1825 -1775
 
20961 19 -1825 -1775
 
20985 20 -1825 -1774
 
21010 21 -1825 -1773
 
21036 22 -1825 -1771
 
21060 23 -1825 -1769
 
21085 24 -1825 -1767
 
21110 25 -1825 -1764
 
21135 26 -1824 -1761
 
21160 27 -1822 -1757
 
21185 28 -1820 -1753
 
21210 29 -1816 -1749
 
21235 30 -1812 -1744
 
21260 31 -1808 -1739
 
21284 32 -1804 -1734
 
21310 33 -1798 -1728
 
21335 34 -1793 -1722
 
21360 35 -1787 -1716
 
21385 36 -1781 -1710
 
21409 37 -1774 -1703
 
21435 38 -1767 -1696
 
21459 39 -1760 -1688
 
21484 40 -1753 -1680
 
21510 41 -1745 -1672
 
21534 42 -1737 -1664
 
21560 43 -1729 -1656
 
21584 44 -1720 -1647
 
21609 45 -1711 -1638
 
21635 46 -1702 -1628
 
21659 47 -1692 -1619
 
21684 48 -1683 -1609
 
21709 49 -1672 -1599
 
21734 50 -1662 -1589
 
21760 51 -1652 -1578
 
21784 52 -1641 -1567
 
21809 53 -1630 -1556
 
21834 54 -1619 -1545
 
21859 55 -1608 -1534
 
21883 56 -1596 -1522
 
21909 57 -1584 -1510
 
21934 58 -1572 -1498
 
21959 59 -1560 -1486
 
21984 60 -1548 -1474
 
22008 61 -1535 -1461
 
22034 62 -1523 -1449
 
22059 63 -1510 -1436
 
22083 64 -1497 -1423
 
22109 65 -1483 -1410
 
22133 66 -1470 -1397
 
22159 67 -1456 -1383
 
22183 68 -1443 -1370
 
22208 69 -1429 -1356
 
22234 70 -1415 -1343
 
22258 71 -1401 -1329
 
22283 72 -1386 -1315
 
22308 73 -1372 -1301
 
22333 74 -1357 -1287
 
22359 75 -1343 -1272
 
22383 76 -1328 -1258
 
22408 77 -1313 -1244
 
22433 78 -1298 -1229
 
22458 79 -1283 -1215
 
22482 80 -1268 -1200
 
22508 81 -1252 -1185
 
22533 82 -1237 -1171
 
22558 83 -1221 -1156
 
22583 84 -1205 -1141
 
22607 85 -1189 -1125
 
22633 86 -1174 -1110
 
22658 87 -1157 -1095
 
22682 88 -1141 -1079
 
22708 89 -1125 -1063
 
22732 90 -1109 -1047
 
22758 91 -1092 -1031
 
22782 92 -1076 -1015
 
22807 93 -1059 -999
 
22832 94 -1044 -983
 
22855 95 -1027 -968
 
22879 96 -1011 -952
 
22903 97 -995 -937
 
22926 98 -980 -921
 
22948 99 -964 -906
 
22972 100 -947 -890
 
22995 99 -932 -874
 
23018 98 -916 -859
 
23042 97 -900 -844
 
23064 96 -884 -828
 
23087 95 -868 -813
 
23110 94 -853 -797
 
23133 93 -837 -782
 
23156 92 -821 -767
 
23179 91 -806 -752
 
23201 90 -790 -737
 
23225 89 -775 -722
 
23247 88 -759 -707
 
23270 87 -744 -692
 
23293 86 -729 -677
 
23316 85 -713 -663
 
23339 84 -698 -648
 
23362 83 -683 -634
 
23385 82 -668 -620
 
23407 81 -653 -606
 
23431 80 -638 -592
 
23453 79 -624 -577
 
23476 78 -609 -563
 
23499 77 -594 -549
 
23522 76 -580 -536
 
23544 75 -565 -522
 
23568 74 -551 -508
 
23590 73 -537 -494
 
23613 72 -522 -480
 
23636 71 -508 -467
 
23659 70 -494 -453
 
23682 69 -480 -439
 
23705 68 -467 -426
 
23728 67 -453 -413
 
23750 66 -439 -399
 
23774 65 -426 -386
 
23796 64 -413 -373
 
23820 63 -399 -360
 
23842 62 -386 -347
 
23865 61 -373 -335
 
23888 60 -360 -322
 
23911 59 -347 -309
 
23933 58 -335 -297
 
23957 57 -322 -285
 
23980 56 -310 -273
 
24002 55 -298 -261
 
24026 54 -286 -249
 
24048 53 -274 -237
 
24071 52 -262 -226
 
24094 51 -250 -214
 
24117 50 -238 -203
 
24139 49 -227 -192
 
24163 48 -216 -181
 
24185 47 -205 -170
 
24208 46 -194 -160
 
24231 45 -183 -150
 
24254 44 -173 -140
 
24276 43 -162 -130
 
24300 42 -152 -120
 
24323 41 -142 -111
 
24345 40 -132 -101
 
24369 39 -123 -92
 
24390 38 -114 -84
 
24412 37 -105 -76
 
24434 36 -97 -68
 
24455 35 -89 -61
 
 
24478 33 -80 -53
 
24500 32 -72 -46
 
 
24523 30 -64 -38
 
24544 29 -57 -31
 
24565 28 -50 -25
 
24586 27 -44 -19
 
 
24609 25 -37 -12
 
24631 24 -31 -7
 
 
24653 22 -25 -1
 
 
24676 20 -19 5
 
 
24698 18 -14 10
 
 
24721 16 -9 15
 
 
24742 14 -5 19
 
 
24765 12 -1 23
 
 
24786 10 2 26
 
 
24807 8 4 28
 
 
 
24830 5 6 31
 
 
 
24853 2 8 33
 
 
 
24876 -1 7 32
 
 
24897 -3 7 32
 
 
24918 -5 7 32
 
 
 
24941 -8 7 32
 
 
24963 -10 7 32
 
 
24984 -12 7 32
 
 
25006 -14 7 32
 
 
25028 -16 7 32
 
 
25050 -18 7 32
 
 
25071 -20 7 32
 
 
25094 -22 7 32
 
 
25115 -24 6 31
 
 
25137 -26 6 31
 
 
25159 -28 4 29
 
 
25181 -30 1 27
 
 
25202 -32 -2 23
 
25223 -33 -5 20
 
 
25245 -35 -9 15
 
 
25268 -37 -14 9
 
 
25291 -39 -20 3
 
 
25314 -41 -26 -3
 
 
25337 -43 -33 -10
 
25360 -44 -39 -18
 
25381 -45 -47 -25
 
25403 -46 -54 -33
 
25425 -47 -62 -41
 
25447 -48 -70 -49
 
25468 -49 -79 -58
 
25491 -50 -88 -67
 
25512 -51 -97 -75
 
25534 -52 -106 -85
 
25558 -53 -116 -95
 
25580 -54 -126 -105
 
25604 -55 -137 -115
 
25628 -56 -149 -126
 
25652 -57 -160 -137
 
25675 -58 -172 -148
 
25700 -59 -184 -159
 
25723 -60 -196 -171
 
25747 -61 -208 -183
 
25772 -62 -220 -194
 
25795 -63 -233 -207
 
25820 -64 -246 -219
 
25843 -65 -258 -232
 
25867 -66 -272 -244
 
25891 -67 -285 -257
 
25915 -68 -298 -270
 
25938 -69 -312 -283
 
25963 -70 -325 -297
 
25987 -71 -339 -310
 
26010 -72 -353 -324
 
26035 -73 -367 -337
 
26058 -74 -381 -351
 
26082 -75 -395 -365
 
26106 -76 -410 -379
 
26130 -77 -424 -394
 
26155 -78 -439 -408
 
26178 -79 -454 -422
 
26202 -80 -468 -437
 
26226 -81 -483 -452
 
26250 -82 -498 -466
 
26273 -83 -513 -481
 
26298 -84 -528 -496
 
26321 -85 -543 -511
 
26345 -86 -559 -526
 
26370 -87 -574 -542
 
26393 -88 -590 -557
 
26418 -89 -605 -572
 
26441 -90 -621 -588
 
26465 -91 -637 -603
 
26489 -92 -653 -619
 
26513 -93 -669 -635
 
26536 -94 -685 -650
 
26561 -95 -701 -666
 
26585 -96 -717 -682
 
26608 -97 -733 -697
 
26633 -98 -749 -713
 
26656 -99 -766 -729
 
26680 -100 -783 -746
 
26705 -99 -799 -762
 
26729 -98 -816 -778
 
26754 -97 -832 -794
 
26777 -96 -849 -810
 
26801 -95 -865 -826
 
26825 -94 -882 -842
 
26849 -93 -898 -858
 
26872 -92 -914 -874
 
26897 -91 -931 -890
 
26920 -90 -947 -906
 
26944 -89 -963 -922
 
26969 -88 -979 -938
 
26992 -87 -995 -954
 
27017 -86 -1011 -970
 
27041 -85 -1028 -986
 
27066 -84 -1044 -1003
 
27092 -83 -1062 -1019
 
27118 -82 -1079 -1036
 
27144 -81 -1096 -1053
 
27170 -80 -1113 -1070
 
27196 -79 -1129 -1086
 
27223 -78 -1146 -1103
 
27248 -77 -1163 -1119
 
27274 -76 -1180 -1135
 
27300 -75 -1196 -1151
 
27326 -74 -1212 -1167
 
27353 -73 -1229 -1183
 
27378 -72 -1245 -1199
 
27404 -71 -1261 -1215
 
27430 -70 -1277 -1230
 
27456 -69 -1293 -1245
 
27483 -68 -1309 -1260
 
27508 -67 -1324 -1275
 
27534 -66 -1340 -1290
 
27560 -65 -1355 -1305
 
27586 -64 -1371 -1320
 
27612 -63 -1386 -1334
 
27638 -62 -1401 -1349
 
27664 -61 -1416 -1363
 
27691 -60 -1431 -1378
 
27716 -59 -1446 -1392
 
27742 -58 -1460 -1406
 
27768 -57 -1475 -1420
 
27794 -56 -1489 -1434
 
27821 -55 -1504 -1448
 
27846 -54 -1518 -1461
 
27872 -53 -1532 -1475
 
27898 -52 -1546 -1488
 
27924 -51 -1559 -1501
 
27951 -50 -1573 -1514
 
27976 -49 -1586 -1527
 
28002 -48 -1599 -1540
 
28028 -47 -1612 -1552
 
28054 -46 -1625 -1565
 
28081 -45 -1638 -1577
 
28106 -44 -1650 -1589
 
28132 -43 -1662 -1600
 
28158 -42 -1674 -1612
 
28184 -41 -1686 -1623
 
28210 -40 -1698 -1635
 
28236 -39 -1709 -1646
 
28262 -38 -1720 -1656
 
28289 -37 -1731 -1667
 
28314 -36 -1742 -1677
 
28340 -35 -1753 -1687
 
28366 -34 -1763 -1697
 
28392 -33 -1773 -1706
 
28419 -32 -1783 -1716
 
28444 -31 -1793 -1725
 
28470 -30 -1802 -1733
 
28496 -29 -1811 -1742
 
28522 -28 -1820 -1749
 
28549 -27 -1828 -1757
 
28574 -26 -1836 -1764
 
28600 -25 -1844 -1771
 
28626 -24 -1852 -1778
 
28652 -23 -1859 -1784
 
28678 -22 -1865 -1790
 
28704 -21 -1872 -1796
 
28730 -20 -1878 -1801
 
28756 -19 -1883 -1806
 
28782 -18 -1889 -1811
 
28808 -17 -1894 -1815
 
28834 -16 -1898 -1819
 
28860 -15 -1902 -1823
 
28887 -14 -1906 -1826
 
28912 -13 -1909 -1829
 
28938 -12 -1912 -1831
 
28964 -11 -1914 -1833
 
28990 -10 -1917 -1835
 
29017 -9 -1918 -1836
 
29041 -8 -1919 -1837
 
29066 -7 -1920 -1837
 
29091 -6 -1921 -1837
 
29116 -5 -1922 -1837
 
29140 -4 -1922 -1837
 
29166 -3 -1922 -1837
 
29191 -2 -1922 -1837
 
29216 -1 -1922 -1837
 
29241 0 -1922 -1837
 
29264 1 -1922 -1837
 
29289 2 -1922 -1837
 
29313 3 -1922 -1837
 
29336 4 -1922 -1837
 
29361 5 -1922 -1837
 
29384 6 -1922 -1837
 
29408 7 -1922 -1837
 
29432 8 -1922 -1837
 
29456 9 -1922 -1837
 
29480 10 -1922 -1837
 
29505 11 -1922 -1837
 
29530 12 -1922 -1837
 
29555 13 -1922 -1837
 
29580 14 -1922 -1837
 
29604 15 -1922 -1837
 
29630 16 -1922 -1837
 
29655 17 -1922 -1837
 
29680 18 -1922 -1837
 
29705 19 -1922 -1837
 
29729 20 -1922 -1837
 
29755 21 -1922 -1835
 
29779 22 -1921 -1834
 
29804 23 -1919 -1831
 
29830 24 -1917 -1829
 
29854 25 -1914 -1826
 
29880 26 -1911 -1822
 
29904 27 -1907 -1818
 
29929 28 -1904 -1814
 
29955 29 -1899 -1810
 
29979 30 -1895 -1805
 
30004 31 -1890 -1800
 
30029 32 -1885 -1795
 
30054 33 -1879 -1789
 
30080 34 -1873 -1783
 
30104 35 -1867 -1777
 
30129 36 -1861 -1771
 
30154 37 -1854 -1764
 
30179 38 -1847 -1757
 
30203 39 -1839 -1750
 
30229 40 -1832 -1743
 
30254 41 -1824 -1735
 
30279 42 -1816 -1727
 
30304 43 -1807 -1719
 
30328 44 -1799 -1711
 
30354 45 -1790 -1702
 
30379 46 -1780 -1693
 
30403 47 -1771 -1683
 
30429 48 -1761 -1674
 
30453 49 -1751 -1664
 
30479 50 -1741 -1654
 
30503 51 -1730 -1643
 
30528 52 -1719 -1633
 
30554 53 -1709 -1622
 
30578 54 -1697 -1611
 
30603 55 -1686 -1600
 
30628 56 -1674 -1588
 
30653 57 -1663 -1576
 
30679 58 -1651 -1564
 
30703 59 -1638 -1552
 
30728 60 -1626 -1540
 
30753 61 -1613 -1528
 
30778 62 -1601 -1515
 
30802 63 -1588 -1502
 
30828 64 -1575 -1489
 
30853 65 -1561 -1476
 
30878 66 -1548 -1463
 
30903 67 -1534 -1449
 
30927 68 -1520 -1436
 
30953 69 -1507 -1422
 
30978 70 -1492 -1408
 
31002 71 -1478 -1394
 
31028 72 -1464 -1380
 
31052 73 -1449 -1366
 
31078 74 -1435 -1352
 
31102 75 -1420 -1337
 
31127 76 -1405 -1323
 
31153 77 -1390 -1308
 
31177 78 -1375 -1293
 
31202 79 -1360 -1279
 
31227 80 -1344 -1264
 
31252 81 -1329 -1249
 
31278 82 -1313 -1234
 
31302 83 -1297 -1219
 
31327 84 -1281 -1204
 
31352 85 -1266 -1189
 
31377 86 -1250 -1174
 
31401 87 -1233 -1158
 
31427 88 -1217 -1143
 
31452 89 -1201 -1127
 
31477 90 -1184 -1112
 
31502 91 -1168 -1096
 
31526 92 -1151 -1080
 
31552 93 -1135 -1064
 
31577 94 -1118 -1047
 
31601 95 -1101 -1031
 
31627 96 -1084 -1014
 
31651 97 -1067 -998
 
31676 98 -1051 -982
 
31699 99 -1035 -966
 
31723 100 -1017 -949
 
31749 99 -1001 -933
 
31772 98 -984 -917
 
31795 97 -968 -902
 
31818 96 -952 -886
 
31841 95 -936 -871
 
31863 94 -921 -855
 
31887 93 -905 -840
 
31909 92 -889 -825
 
31932 91 -873 -810
 
31955 90 -858 -794
 
31978 89 -842 -779
 
32001 88 -827 -764
 
32024 87 -811 -749
 
32047 86 -796 -735
 
32069 85 -781 -720
 
32093 84 -765 -705
 
32115 83 -750 -691
 
32138 82 -735 -676
 
32161 81 -720 -662
 
32184 80 -705 -648
 
32207 79 -690 -634
 
32230 78 -676 -620
 
32252 77 -661 -606
 
32276 76 -646 -593
 
32299 75 -632 -579
 
32321 74 -617 -565
 
32345 73 -603 -552
 
32367 72 -589 -538
 
32390 71 -575 -524
 
32413 70 -561 -511
 
32436 69 -547 -498
 
32458 68 -533 -484
 
32482 67 -519 -471
 
32504 66 -505 -458
 
32527 65 -492 -445
 
32550 64 -478 -432
 
32573 63 -465 -419
 
32595 62 -452 -406
 
32619 61 -439 -393
 
32642 60 -426 -380
 
32664 59 -413 -368
 
32688 58 -400 -355
 
32710 57 -388 -343
 
32733 56 -375 -331
 
32756 55 -363 -319