Time PWM Left Right
3500.00 0 0 0
3503.00 0 0 0
3506.00 0 0 0
3509.00 0 0 0
3512.00 0 0 0
3515.00 0 0 0
 
3519.00 -1 0 0
 
3538.00 -2 0 0
 
3557.00 -3 0 0
 
3575.00 -4 0 0
 
3594.00 -5 0 0
 
3613.00 -6 0 0
 
3632.00 -7 0 0
 
3650.00 -8 0 0
 
3670.00 -9 0 0
 
3688.00 -10 0 0
 
3707.00 -11 0 0
 
3727.00 -12 0 0
 
3747.00 -13 0 0
 
3767.00 -14 0 0
 
3786.00 -15 0 0
 
3807.00 -16 0 0
 
3826.00 -17 0 0
 
3846.00 -18 0 0
 
3866.00 -19 0 0
 
3886.00 -20 0 0
 
3905.00 -21 0 0
 
3924.00 -22 0 -1
 
3946.00 -23 -1 -2
 
3968.00 -24 -2 -3
 
3989.00 -25 -3 -4
 
4012.00 -26 -5 -5
 
4033.00 -27 -7 -7
 
4055.00 -28 -10 -10
 
4079.00 -29 -13 -13
 
4103.00 -30 -17 -16
 
4126.00 -31 -20 -20
 
4151.00 -32 -24 -25
 
4174.00 -33 -29 -29
 
4199.00 -34 -34 -34
 
4222.00 -35 -39 -40
 
4246.00 -36 -45 -45
 
4271.00 -37 -51 -51
 
4294.00 -38 -58 -58
 
4318.00 -39 -64 -64
 
4342.00 -40 -71 -71
 
4366.00 -41 -78 -78
 
4389.00 -42 -85 -85
 
4414.00 -43 -92 -93
 
4438.00 -44 -100 -101
 
4464.00 -45 -109 -110
 
4490.00 -46 -119 -119
 
4515.00 -47 -128 -128
 
4542.00 -48 -138 -138
 
4568.00 -49 -148 -148
 
4593.00 -50 -159 -158
 
4620.00 -51 -170 -169
 
4645.00 -52 -180 -180
 
4672.00 -53 -191 -191
 
4698.00 -54 -203 -202
 
4723.00 -55 -214 -214
 
4750.00 -56 -226 -225
 
4775.00 -57 -238 -237
 
4802.00 -58 -250 -249
 
4828.00 -59 -263 -261
 
4853.00 -60 -276 -274
 
4880.00 -61 -289 -286
 
4905.00 -62 -302 -299
 
4932.00 -63 -315 -312
 
4958.00 -64 -328 -325
 
4983.00 -65 -342 -338
 
5010.00 -66 -356 -352
 
5036.00 -67 -370 -365
 
5061.00 -68 -384 -379
 
5088.00 -69 -398 -393
 
5113.00 -70 -412 -407
 
5140.00 -71 -426 -421
 
5166.00 -72 -441 -435
 
5191.00 -73 -455 -449
 
5218.00 -74 -470 -464
 
5243.00 -75 -485 -479
 
5270.00 -76 -501 -493
 
5296.00 -77 -516 -508
 
5321.00 -78 -531 -523
 
5348.00 -79 -547 -538
 
5373.00 -80 -562 -554
 
5400.00 -81 -578 -569
 
5426.00 -82 -594 -585
 
5451.00 -83 -610 -601
 
5478.00 -84 -627 -617
 
5504.00 -85 -643 -633
 
5530.00 -86 -660 -649
 
5556.00 -87 -676 -665
 
5581.00 -88 -693 -682
 
5608.00 -89 -710 -699
 
5634.00 -90 -728 -715
 
5659.00 -91 -745 -732
 
5686.00 -92 -762 -749
 
5711.00 -93 -779 -766
 
5738.00 -94 -797 -784
 
5764.00 -95 -815 -801
 
5789.00 -96 -833 -818
 
5816.00 -97 -851 -836
 
5841.00 -98 -869 -853
 
5868.00 -99 -887 -871
 
5894.00 -100 -906 -889
 
5920.00 -99 -924 -907
 
5947.00 -98 -942 -925
 
5972.00 -97 -961 -942
 
5999.00 -96 -979 -960
 
6025.00 -95 -997 -978
 
6050.00 -94 -1015 -996
 
6078.00 -93 -1034 -1014
 
6106.00 -92 -1053 -1033
 
6134.00 -91 -1073 -1052
 
6162.00 -90 -1092 -1071
 
6190.00 -89 -1111 -1089
 
6218.00 -88 -1130 -1108
 
6246.00 -87 -1150 -1127
 
6275.00 -86 -1169 -1145
 
6302.00 -85 -1187 -1164
 
6331.00 -84 -1206 -1182
 
6359.00 -83 -1225 -1200
 
6386.00 -82 -1244 -1219
 
6415.00 -81 -1262 -1237
 
6443.00 -80 -1281 -1255
 
6471.00 -79 -1299 -1273
 
6499.00 -78 -1318 -1291
 
6526.00 -77 -1336 -1309
 
6555.00 -76 -1354 -1326
 
6583.00 -75 -1372 -1344
 
6611.00 -74 -1390 -1362
 
6639.00 -73 -1408 -1379
 
6668.00 -72 -1425 -1396
 
6695.00 -71 -1443 -1413
 
6723.00 -70 -1460 -1430
 
6752.00 -69 -1477 -1447
 
6779.00 -68 -1495 -1464
 
6808.00 -67 -1512 -1480
 
6836.00 -66 -1528 -1497
 
6864.00 -65 -1545 -1513
 
6892.00 -64 -1561 -1529
 
6920.00 -63 -1578 -1545
 
6948.00 -62 -1594 -1560
 
6976.00 -61 -1610 -1576
 
7005.00 -60 -1626 -1591
 
7032.00 -59 -1642 -1607
 
7061.00 -58 -1657 -1622
 
7089.00 -57 -1672 -1637
 
7116.00 -56 -1688 -1652
 
7145.00 -55 -1702 -1666
 
7173.00 -54 -1717 -1680
 
7201.00 -53 -1732 -1694
 
7229.00 -52 -1746 -1709
 
7257.00 -51 -1761 -1723
 
7285.00 -50 -1775 -1736
 
7313.00 -49 -1789 -1750
 
7342.00 -48 -1802 -1763
 
7369.00 -47 -1816 -1776
 
7398.00 -46 -1829 -1789
 
7426.00 -45 -1842 -1802
 
7453.00 -44 -1855 -1815
 
7482.00 -43 -1868 -1827
 
7510.00 -42 -1880 -1839
 
7538.00 -41 -1892 -1851
 
7566.00 -40 -1904 -1863
 
7595.00 -39 -1916 -1875
 
7622.00 -38 -1928 -1886
 
7650.00 -37 -1939 -1897
 
7678.00 -36 -1950 -1908
 
7706.00 -35 -1961 -1919
 
7735.00 -34 -1972 -1929
 
7762.00 -33 -1982 -1939
 
7790.00 -32 -1992 -1949
 
7819.00 -31 -2002 -1959
 
7846.00 -30 -2012 -1968
 
7875.00 -29 -2021 -1976
 
7903.00 -28 -2030 -1985
 
7931.00 -27 -2038 -1993
 
7959.00 -26 -2047 -2001
 
7987.00 -25 -2055 -2008
 
8015.00 -24 -2062 -2015
 
8043.00 -23 -2069 -2022
 
8072.00 -22 -2076 -2028
 
8099.00 -21 -2082 -2034
 
8128.00 -20 -2089 -2040
 
8156.00 -19 -2094 -2046
 
8183.00 -18 -2099 -2051
 
8212.00 -17 -2104 -2056
 
8240.00 -16 -2108 -2060
 
8268.00 -15 -2112 -2064
 
8296.00 -14 -2116 -2068
 
8324.00 -13 -2120 -2071
 
8352.00 -12 -2123 -2073
 
8380.00 -11 -2125 -2076
 
8409.00 -10 -2127 -2077
 
8436.00 -9 -2129 -2079
 
8464.00 -8 -2130 -2080
 
8491.00 -7 -2131 -2080
 
8517.00 -6 -2132 -2081
 
8545.00 -5 -2132 -2081
 
8571.00 -4 -2132 -2081
 
8599.00 -3 -2132 -2081
 
8626.00 -2 -2132 -2081
 
8652.00 -1 -2132 -2081
 
8680.00 0 -2132 -2081
 
8706.00 1 -2132 -2081
 
8732.00 2 -2132 -2081
 
8758.00 3 -2132 -2081
 
8783.00 4 -2132 -2081
 
8810.00 5 -2132 -2081
 
8836.00 6 -2132 -2081
 
8862.00 7 -2132 -2081
 
8888.00 8 -2132 -2081
 
8913.00 9 -2132 -2081
 
8940.00 10 -2132 -2081
 
8967.00 11 -2132 -2081
 
8994.00 12 -2132 -2081
 
9021.00 13 -2132 -2081
 
9048.00 14 -2132 -2081
 
9075.00 15 -2132 -2081
 
9102.00 16 -2132 -2081
 
9129.00 17 -2132 -2080
 
9156.00 18 -2131 -2080
 
9183.00 19 -2130 -2080
 
9210.00 20 -2129 -2079
 
9237.00 21 -2128 -2078
 
9265.00 22 -2127 -2076
 
9291.00 23 -2125 -2075
 
9318.00 24 -2123 -2072
 
9346.00 25 -2120 -2069
 
9372.00 26 -2117 -2066
 
9400.00 27 -2113 -2062
 
9426.00 28 -2109 -2058
 
9453.00 29 -2105 -2054
 
9481.00 30 -2100 -2049
 
9507.00 31 -2095 -2044
 
9535.00 32 -2090 -2039
 
9562.00 33 -2084 -2033
 
9588.00 34 -2077 -2027
 
9616.00 35 -2071 -2021
 
9643.00 36 -2064 -2014
 
9670.00 37 -2057 -2007
 
9697.00 38 -2050 -2000
 
9724.00 39 -2042 -1992
 
9751.00 40 -2034 -1984
 
9778.00 41 -2026 -1976
 
9805.00 42 -2017 -1968
 
9832.00 43 -2009 -1959
 
9860.00 44 -2000 -1951
 
9886.00 45 -1990 -1941
 
9913.00 46 -1981 -1932
 
9940.00 47 -1971 -1922
 
9967.00 48 -1961 -1912
 
9995.00 49 -1950 -1901
 
10021.00 50 -1939 -1890
 
10049.00 51 -1928 -1878
 
10078.00 52 -1916 -1866
 
10105.00 53 -1904 -1854
 
10134.00 54 -1892 -1842
 
10162.00 55 -1879 -1830
 
10190.00 56 -1866 -1817
 
10218.00 57 -1854 -1804
 
10246.00 58 -1841 -1791
 
10274.00 59 -1827 -1777
 
10302.00 60 -1813 -1764
 
10331.00 61 -1799 -1750
 
10358.00 62 -1785 -1736
 
10386.00 63 -1771 -1722
 
10415.00 64 -1757 -1708
 
10442.00 65 -1742 -1693
 
10471.00 66 -1728 -1678
 
10499.00 67 -1713 -1663
 
10527.00 68 -1698 -1648
 
10555.00 69 -1682 -1633
 
10583.00 70 -1667 -1618
 
10611.00 71 -1651 -1602
 
10639.00 72 -1635 -1587
 
10668.00 73 -1619 -1571
 
10695.00 74 -1603 -1555
 
10724.00 75 -1587 -1540
 
10752.00 76 -1570 -1523
 
10779.00 77 -1554 -1507
 
10808.00 78 -1537 -1491
 
10835.00 79 -1520 -1475
 
10864.00 80 -1503 -1458
 
10892.00 81 -1486 -1441
 
10919.00 82 -1469 -1424
 
10948.00 83 -1451 -1407
 
10976.00 84 -1434 -1390
 
11004.00 85 -1416 -1373
 
11032.00 86 -1398 -1356
 
11061.00 87 -1380 -1338
 
11088.00 88 -1362 -1320
 
11116.00 89 -1344 -1302
 
11145.00 90 -1326 -1284
 
11172.00 91 -1307 -1266
 
11201.00 92 -1288 -1247
 
11229.00 93 -1270 -1229
 
11257.00 94 -1251 -1210
 
11285.00 95 -1232 -1191
 
11313.00 96 -1213 -1172
 
11341.00 97 -1193 -1153
 
11369.00 98 -1174 -1134
 
11398.00 99 -1155 -1116
 
11425.00 100 -1135 -1096
 
11455.00 99 -1116 -1077
 
11483.00 98 -1096 -1058
 
11510.00 97 -1077 -1039
 
11539.00 96 -1057 -1019
 
11567.00 95 -1038 -1000
 
11595.00 94 -1018 -981
 
11622.00 93 -1000 -963
 
11649.00 92 -981 -946
 
11675.00 91 -964 -929
 
11701.00 90 -946 -911
 
11727.00 89 -928 -894
 
11753.00 88 -911 -877
 
11779.00 87 -893 -860
 
11805.00 86 -876 -843
 
11831.00 85 -858 -826
 
11857.00 84 -841 -809
 
11883.00 83 -824 -792
 
11909.00 82 -807 -775
 
11935.00 81 -789 -758
 
11961.00 80 -773 -741
 
11987.00 79 -756 -724
 
12013.00 78 -739 -708
 
12039.00 77 -722 -691
 
12065.00 76 -705 -675
 
12091.00 75 -689 -658
 
12116.00 74 -672 -642
 
12143.00 73 -656 -626
 
12169.00 72 -640 -610
 
12195.00 71 -624 -594
 
12221.00 70 -608 -578
 
12247.00 69 -592 -563
 
12273.00 68 -576 -547
 
12299.00 67 -561 -532
 
12325.00 66 -546 -517
 
12351.00 65 -530 -502
 
12377.00 64 -515 -487
 
12403.00 63 -500 -472
 
12429.00 62 -485 -458
 
12455.00 61 -470 -443
 
12481.00 60 -456 -429
 
12507.00 59 -441 -415
 
12533.00 58 -427 -401
 
12559.00 57 -413 -388
 
12585.00 56 -399 -374
 
12611.00 55 -386 -361
 
12637.00 54 -372 -347
 
12663.00 53 -359 -334
 
12689.00 52 -346 -322
 
12715.00 51 -333 -309
 
12741.00 50 -320 -297
 
12767.00 49 -308 -284
 
12793.00 48 -295 -272
 
12819.00 47 -283 -260
 
12845.00 46 -271 -248
 
12871.00 45 -259 -237
 
12897.00 44 -247 -225
 
12923.00 43 -235 -214
 
12949.00 42 -224 -202
 
12975.00 41 -213 -191
 
13001.00 40 -202 -180
 
13027.00 39 -191 -169
 
13053.00 38 -180 -158
 
13079.00 37 -170 -148
 
13105.00 36 -160 -138
 
13131.00 35 -150 -128
 
13157.00 34 -140 -119
 
13182.00 33 -131 -109
 
13209.00 32 -121 -100
 
13235.00 31 -113 -91
 
13260.00 30 -104 -83
 
13285.00 29 -96 -76
 
13308.00 28 -89 -68
 
13333.00 27 -82 -61
 
13357.00 26 -75 -55
 
13380.00 25 -68 -48
 
13405.00 24 -62 -42
 
13428.00 23 -56 -36
 
13453.00 22 -50 -30
 
13476.00 21 -44 -25
 
13500.00 20 -39 -20
 
13524.00 19 -34 -15
 
13548.00 18 -30 -11
 
13572.00 17 -25 -7
 
13595.00 16 -22 -3
 
13618.00 15 -18 0
 
13639.00 14 -15 3
 
13662.00 13 -13 6
 
13683.00 12 -10 8
 
13705.00 11 -8 10
 
13727.00 10 -7 12
 
13749.00 9 -5 13
 
13769.00 8 -4 14
 
13791.00 7 -4 15
 
13811.00 6 -3 15
 
13832.00 5 -3 16
 
13853.00 4 -3 16
 
13874.00 3 -3 17
 
13894.00 2 -3 17
 
13915.00 1 -3 17
 
13936.00 0 -3 17
 
13957.00 -1 -3 17
 
13978.00 -2 -3 17
 
14001.00 -3 -3 17
 
14022.00 -4 -3 17
 
14044.00 -5 -3 17
 
14066.00 -6 -3 17
 
14088.00 -7 -3 17
 
14109.00 -8 -3 17
 
14132.00 -9 -3 17
 
14153.00 -10 -3 17
 
14176.00 -11 -3 17
 
14199.00 -12 -3 17
 
14222.00 -13 -3 17
 
14244.00 -14 -3 17
 
14268.00 -15 -3 17
 
14290.00 -16 -3 17
 
14313.00 -17 -3 17
 
14337.00 -18 -3 17
 
14359.00 -19 -3 17
 
14383.00 -20 -3 17
 
14405.00 -21 -4 17
 
14428.00 -22 -4 17
 
14451.00 -23 -5 17
 
14474.00 -24 -7 17
 
14496.00 -25 -9 16
 
14520.00 -26 -10 14
 
14543.00 -27 -12 11
 
14567.00 -28 -15 7
 
14590.00 -29 -18 3
 
14613.00 -30 -21 -1
 
14637.00 -31 -25 -5
 
14661.00 -32 -29 -10
 
14686.00 -33 -34 -15
 
14710.00 -34 -40 -20
 
14736.00 -35 -45 -26
 
14760.00 -36 -52 -32
 
14786.00 -37 -58 -39
 
14811.00 -38 -65 -45
 
14835.00 -39 -72 -52
 
14861.00 -40 -79 -59
 
14885.00 -41 -87 -67
 
14910.00 -42 -95 -75
 
14936.00 -43 -103 -83
 
14961.00 -44 -112 -92
 
14988.00 -45 -121 -101
 
15014.00 -46 -131 -111
 
15041.00 -47 -141 -121
 
15069.00 -48 -152 -132
 
15095.00 -49 -163 -143
 
15123.00 -50 -174 -154
 
15150.00 -51 -185 -165
 
15176.00 -52 -196 -176
 
15204.00 -53 -208 -188
 
15230.00 -54 -221 -200
 
15258.00 -55 -233 -212
 
15285.00 -56 -245 -225
 
15311.00 -57 -258 -237
 
15339.00 -58 -271 -250
 
15366.00 -59 -285 -263
 
15393.00 -60 -298 -277
 
15420.00 -61 -312 -290
 
15448.00 -62 -326 -304
 
15474.00 -63 -340 -317
 
15501.00 -64 -354 -331
 
15528.00 -65 -369 -345
 
15555.00 -66 -383 -360
 
15583.00 -67 -398 -374
 
15609.00 -68 -413 -389
 
15636.00 -69 -428 -403
 
15664.00 -70 -443 -418
 
15690.00 -71 -458 -433
 
15718.00 -72 -474 -448
 
15745.00 -73 -490 -463
 
15771.00 -74 -505 -479
 
15799.00 -75 -521 -494
 
15825.00 -76 -537 -510
 
15853.00 -77 -554 -526
 
15880.00 -78 -570 -542
 
15906.00 -79 -587 -558
 
15934.00 -80 -603 -575
 
15961.00 -81 -620 -591
 
15988.00 -82 -637 -608
 
16015.00 -83 -654 -625
 
16041.00 -84 -672 -642
 
16069.00 -85 -689 -659
 
16096.00 -86 -707 -676
 
16123.00 -87 -725 -694
 
16150.00 -88 -743 -711
 
16177.00 -89 -761 -729
 
16204.00 -90 -779 -747
 
16231.00 -91 -797 -765
 
16259.00 -92 -816 -783
 
16285.00 -93 -834 -801
 
16313.00 -94 -853 -820
 
16339.00 -95 -872 -838
 
16366.00 -96 -891 -856
 
16394.00 -97 -910 -875
 
16420.00 -98 -929 -893
 
16448.00 -99 -948 -911
 
16475.00 -100 -968 -931
 
16502.00 -99 -987 -950
 
16530.00 -98 -1006 -969
 
16558.00 -97 -1026 -988
 
16586.00 -96 -1046 -1008
 
16615.00 -95 -1067 -1028
 
16644.00 -94 -1088 -1048
 
16673.00 -93 -1108 -1068
 
16702.00 -92 -1129 -1088
 
16732.00 -91 -1150 -1108
 
16760.00 -90 -1170 -1128
 
16790.00 -89 -1190 -1148
 
16819.00 -88 -1211 -1168
 
16848.00 -87 -1231 -1187
 
16877.00 -86 -1251 -1207
 
16906.00 -85 -1271 -1226
 
16935.00 -84 -1291 -1246
 
16964.00 -83 -1311 -1265
 
16994.00 -82 -1331 -1285
 
17022.00 -81 -1350 -1304
 
17052.00 -80 -1370 -1323
 
17081.00 -79 -1389 -1342
 
17110.00 -78 -1409 -1362
 
17139.00 -77 -1428 -1380
 
17168.00 -76 -1448 -1399
 
17198.00 -75 -1467 -1418
 
17226.00 -74 -1485 -1436
 
17256.00 -73 -1504 -1454
 
17285.00 -72 -1523 -1472
 
17314.00 -71 -1541 -1490
 
17343.00 -70 -1560 -1508
 
17372.00 -69 -1578 -1525
 
17401.00 -68 -1596 -1543
 
17430.00 -67 -1614 -1560
 
17460.00 -66 -1632 -1577
 
17488.00 -65 -1649 -1594
 
17518.00 -64 -1667 -1611
 
17547.00 -63 -1684 -1628
 
17575.00 -62 -1701 -1645
 
17605.00 -61 -1718 -1661
 
17634.00 -60 -1735 -1677
 
17664.00 -59 -1751 -1693
 
17692.00 -58 -1768 -1709
 
17722.00 -57 -1784 -1725
 
17751.00 -56 -1800 -1740
 
17780.00 -55 -1816 -1756
 
17809.00 -54 -1832 -1771
 
17838.00 -53 -1847 -1786
 
17867.00 -52 -1862 -1801
 
17896.00 -51 -1877 -1816
 
17926.00 -50 -1892 -1830
 
17954.00 -49 -1907 -1845
 
17984.00 -48 -1921 -1859
 
18013.00 -47 -1936 -1873
 
18041.00 -46 -1950 -1887
 
18071.00 -45 -1964 -1900
 
18100.00 -44 -1978 -1914
 
18129.00 -43 -1991 -1927
 
18158.00 -42 -2004 -1940
 
18188.00 -41 -2017 -1952
 
18216.00 -40 -2030 -1965
 
18246.00 -39 -2042 -1977
 
18275.00 -38 -2055 -1989
 
18304.00 -37 -2067 -2000
 
18333.00 -36 -2078 -2011
 
18362.00 -35 -2090 -2022
 
18392.00 -34 -2101 -2032
 
18420.00 -33 -2111 -2043
 
18450.00 -32 -2121 -2053
 
18479.00 -31 -2132 -2063
 
18507.00 -30 -2141 -2072
 
18537.00 -29 -2150 -2081
 
18566.00 -28 -2159 -2090
 
18595.00 -27 -2168 -2098
 
18624.00 -26 -2177 -2106
 
18654.00 -25 -2185 -2114
 
18682.00 -24 -2193 -2122
 
18712.00 -23 -2200 -2128
 
18741.00 -22 -2207 -2135
 
18769.00 -21 -2213 -2141
 
18799.00 -20 -2220 -2147
 
18828.00 -19 -2226 -2153
 
18857.00 -18 -2231 -2158
 
18886.00 -17 -2236 -2163
 
18916.00 -16 -2241 -2168
 
18945.00 -15 -2245 -2171
 
18973.00 -14 -2248 -2175
 
19003.00 -13 -2251 -2178
 
19032.00 -12 -2254 -2181
 
19061.00 -11 -2256 -2184
 
19090.00 -10 -2258 -2186
 
19120.00 -9 -2260 -2187
 
19147.00 -8 -2261 -2188
 
19176.00 -7 -2262 -2189
 
19204.00 -6 -2262 -2189
 
19231.00 -5 -2262 -2189
 
19260.00 -4 -2262 -2189
 
19288.00 -3 -2262 -2189
 
19316.00 -2 -2262 -2189
 
19344.00 -1 -2262 -2189
 
19372.00 0 -2262 -2189
 
19399.00 1 -2262 -2189
 
19426.00 2 -2262 -2189
 
19453.00 3 -2262 -2189
 
19480.00 4 -2262 -2189
 
19508.00 5 -2262 -2189
 
19534.00 6 -2262 -2189
 
19561.00 7 -2262 -2189
 
19589.00 8 -2262 -2189
 
19615.00 9 -2262 -2189
 
19643.00 10 -2262 -2189
 
19671.00 11 -2262 -2189
 
19698.00 12 -2262 -2189
 
19727.00 13 -2262 -2189
 
19755.00 14 -2262 -2189
 
19783.00 15 -2262 -2189
 
19811.00 16 -2262 -2189
 
19838.00 17 -2262 -2189
 
19867.00 18 -2262 -2189
 
19895.00 19 -2262 -2189
 
19923.00 20 -2262 -2188
 
19951.00 21 -2262 -2186
 
19980.00 22 -2261 -2184
 
20007.00 23 -2259 -2182
 
20035.00 24 -2257 -2179
 
20064.00 25 -2254 -2177
 
20091.00 26 -2250 -2173
 
20120.00 27 -2246 -2170
 
20148.00 28 -2241 -2166
 
20176.00 29 -2236 -2161
 
20204.00 30 -2231 -2156
 
20232.00 31 -2226 -2151
 
20260.00 32 -2221 -2145
 
20288.00 33 -2214 -2139
 
20317.00 34 -2208 -2132
 
20344.00 35 -2201 -2126
 
20373.00 36 -2194 -2118
 
20401.00 37 -2187 -2111
 
20428.00 38 -2179 -2104
 
20457.00 39 -2171 -2096
 
20485.00 40 -2162 -2088
 
20513.00 41 -2153 -2079
 
20541.00 42 -2144 -2070
 
20569.00 43 -2135 -2061
 
20597.00 44 -2126 -2052
 
20625.00 45 -2116 -2042
 
20654.00 46 -2105 -2032
 
20681.00 47 -2095 -2022
 
20710.00 48 -2085 -2011
 
20738.00 49 -2073 -2000
 
20765.00 50 -2062 -1989
 
20794.00 51 -2051 -1978
 
20822.00 52 -2039 -1967
 
20850.00 53 -2027 -1955
 
20878.00 54 -2015 -1943
 
20907.00 55 -2003 -1930
 
20934.00 56 -1990 -1918
 
20962.00 57 -1977 -1905
 
20990.00 58 -1964 -1892
 
21018.00 59 -1950 -1878
 
21047.00 60 -1936 -1864
 
21074.00 61 -1922 -1850
 
21102.00 62 -1908 -1836
 
21131.00 63 -1894 -1821
 
21158.00 64 -1879 -1807
 
21187.00 65 -1864 -1792
 
21215.00 66 -1849 -1777
 
21243.00 67 -1834 -1761
 
21271.00 68 -1818 -1746
 
21299.00 69 -1802 -1730
 
21327.00 70 -1787 -1714
 
21355.00 71 -1771 -1699
 
21384.00 72 -1754 -1682
 
21411.00 73 -1738 -1666
 
21440.00 74 -1722 -1650
 
21468.00 75 -1705 -1634
 
21495.00 76 -1688 -1617
 
21524.00 77 -1672 -1600
 
21552.00 78 -1654 -1584
 
21580.00 79 -1637 -1567
 
21608.00 80 -1620 -1550
 
21636.00 81 -1603 -1533
 
21664.00 82 -1585 -1516
 
21692.00 83 -1567 -1498
 
21721.00 84 -1549 -1481
 
21748.00 85 -1531 -1463
 
21777.00 86 -1513 -1446
 
21805.00 87 -1495 -1428
 
21832.00 88 -1477 -1410
 
21861.00 89 -1458 -1391
 
21889.00 90 -1440 -1373
 
21917.00 91 -1421 -1355
 
21945.00 92 -1402 -1336
 
21974.00 93 -1383 -1317
 
22001.00 94 -1364 -1298
 
22029.00 95 -1345 -1279
 
22057.00 96 -1325 -1260
 
22085.00 97 -1306 -1241
 
22114.00 98 -1286 -1221
 
22141.00 99 -1267 -1202
 
22170.00 100 -1246 -1182
 
22199.00 99 -1227 -1162
 
22226.00 98 -1207 -1143
 
22255.00 97 -1187 -1123
 
22283.00 96 -1167 -1104
 
22311.00 95 -1148 -1084
 
22339.00 94 -1128 -1065
 
22367.00 93 -1108 -1046
 
22395.00 92 -1089 -1027
 
22423.00 91 -1069 -1007
 
22452.00 90 -1050 -988
 
22478.00 89 -1031 -970
 
22506.00 88 -1013 -952
 
22533.00 87 -994 -935
 
22558.00 86 -977 -918
 
22585.00 85 -959 -900
 
22610.00 84 -941 -883
 
22637.00 83 -924 -866
 
22663.00 82 -907 -849
 
22688.00 81 -889 -832
 
22715.00 80 -872 -816
 
22740.00 79 -855 -799
 
22766.00 78 -838 -782
 
22793.00 77 -821 -765
 
22818.00 76 -804 -749
 
22845.00 75 -788 -732
 
22871.00 74 -771 -716
 
22896.00 73 -754 -699
 
22923.00 72 -738 -683
 
22948.00 71 -721 -667
 
22975.00 70 -705 -650
 
23001.00 69 -689 -634
 
23026.00 68 -673 -618
 
23053.00 67 -657 -603
 
23078.00 66 -641 -587
 
23105.00 65 -625 -572
 
23131.00 64 -610 -557
 
23156.00 63 -595 -541
 
23183.00 62 -579 -526
 
23208.00 61 -564 -512
 
23235.00 60 -550 -497
 
23261.00 59 -535 -483
 
23286.00 58 -520 -468
 
23313.00 57 -505 -454
 
23339.00 56 -491 -440
 
23364.00 55 -477 -426
 
23391.00 54 -463 -413
 
23416.00 53 -449 -399
 
23443.00 52 -436 -386
 
23469.00 51 -423 -373
 
23494.00 50 -409 -360
 
23521.00 49 -396 -348
 
23546.00 48 -383 -335
 
23573.00 47 -371 -323
 
23599.00 46 -358 -311
 
23624.00 45 -346 -299
 
23651.00 44 -334 -287
 
23676.00 43 -323 -275
 
23703.00 42 -311 -264
 
23729.00 41 -300 -253
 
23754.00 40 -289 -241
 
23781.00 39 -278 -230
 
23806.00 38 -267 -219
 
23832.00 37 -256 -209
 
23859.00 36 -246 -199
 
23884.00 35 -236 -189
 
23911.00 34 -226 -179
 
23937.00 33 -216 -169
 
23962.00 32 -207 -160
 
23989.00 31 -198 -151
 
24014.00 30 -189 -142
 
24041.00 29 -180 -133
 
24067.00 28 -172 -125
 
24092.00 27 -164 -117
 
24119.00 26 -156 -109
 
24144.00 25 -149 -102
 
24171.00 24 -141 -95
 
24196.00 23 -135 -88
 
24220.00 22 -128 -82
 
24246.00 21 -123 -77
 
24270.00 20 -117 -71
 
24295.00 19 -112 -66
 
24321.00 18 -107 -61
 
24345.00 17 -102 -57
 
24371.00 16 -98 -53
 
24394.00 15 -94 -49
 
24418.00 14 -91 -46
 
24442.00 13 -88 -43
 
24466.00 12 -86 -41
 
24489.00 11 -83 -38
 
24514.00 10 -82 -37
 
24538.00 9 -80 -35
 
24560.00 8 -79 -34
 
24584.00 7 -78 -34
 
24606.00 6 -78 -33
 
24629.00 5 -78 -33
 
24652.00 4 -78 -33
 
24675.00 3 -78 -33
 
24697.00 2 -78 -33
 
24721.00 1 -78 -33
 
24743.00 0 -78 -33
 
24767.00 -1 -78 -33
 
24791.00 -2 -78 -33
 
24814.00 -3 -78 -33
 
24839.00 -4 -78 -33
 
24862.00 -5 -78 -33
 
24886.00 -6 -78 -34
 
24910.00 -7 -78 -34
 
24934.00 -8 -78 -34
 
24957.00 -9 -78 -34
 
24982.00 -10 -78 -34
 
25007.00 -11 -78 -34
 
25032.00 -12 -78 -34
 
25057.00 -13 -78 -34
 
25081.00 -14 -78 -34
 
25107.00 -15 -78 -34
 
25132.00 -16 -78 -34
 
25156.00 -17 -78 -34
 
25182.00 -18 -78 -34
 
25206.00 -19 -78 -34
 
25232.00 -20 -78 -34
 
25256.00 -21 -78 -34
 
25281.00 -22 -78 -34
 
25307.00 -23 -79 -34
 
25331.00 -24 -79 -36
 
25356.00 -25 -81 -38
 
25381.00 -26 -83 -40
 
25406.00 -27 -85 -43
 
25432.00 -28 -88 -47
 
25456.00 -29 -91 -51
 
25481.00 -30 -95 -55
 
25506.00 -31 -100 -60
 
25532.00 -32 -105 -65
 
25558.00 -33 -110 -70
 
25584.00 -34 -116 -76
 
25610.00 -35 -123 -82
 
25636.00 -36 -129 -88
 
25662.00 -37 -136 -95
 
25688.00 -38 -143 -102
 
25715.00 -39 -151 -110
 
25742.00 -40 -159 -119
 
25769.00 -41 -167 -127
 
25796.00 -42 -176 -136
 
25823.00 -43 -185 -145
 
25850.00 -44 -195 -155
 
25877.00 -45 -205 -164
 
25905.00 -46 -215 -174
 
25931.00 -47 -225 -185
 
25958.00 -48 -236 -195
 
25986.00 -49 -247 -206
 
26012.00 -50 -258 -217
 
26040.00 -51 -269 -229
 
26066.00 -52 -281 -240
 
26093.00 -53 -293 -252
 
26121.00 -54 -305 -264
 
26147.00 -55 -318 -276
 
26175.00 -56 -331 -289
 
26202.00 -57 -344 -302
 
26228.00 -58 -357 -314
 
26256.00 -59 -370 -327
 
26283.00 -60 -384 -341
 
26310.00 -61 -398 -354
 
26337.00 -62 -411 -368
 
26364.00 -63 -425 -382
 
26391.00 -64 -440 -396
 
26418.00 -65 -454 -410
 
26445.00 -66 -469 -424
 
26472.00 -67 -484 -438
 
26500.00 -68 -499 -453
 
26526.00 -69 -514 -468
 
26553.00 -70 -529 -483
 
26580.00 -71 -544 -498
 
26607.00 -72 -560 -513
 
26635.00 -73 -576 -529
 
26661.00 -74 -592 -544
 
26688.00 -75 -608 -560
 
26716.00 -76 -625 -576
 
26742.00 -77 -641 -592
 
26770.00 -78 -658 -609
 
26797.00 -79 -675 -625
 
26823.00 -80 -692 -642
 
26851.00 -81 -709 -659
 
26877.00 -82 -726 -676
 
26905.00 -83 -743 -693
 
26932.00 -84 -761 -710
 
26958.00 -85 -779 -727
 
26986.00 -86 -796 -745
 
27013.00 -87 -814 -763
 
27040.00 -88 -833 -780
 
27067.00 -89 -851 -798
 
27094.00 -90 -869 -817
 
27121.00 -91 -888 -835
 
27148.00 -92 -907 -853
 
27175.00 -93 -925 -871
 
27202.00 -94 -944 -889
 
27230.00 -95 -963 -907
 
27256.00 -96 -982 -926
 
27283.00 -97 -1001 -945
 
27312.00 -98 -1021 -965
 
27339.00 -99 -1041 -984
 
27368.00 -100 -1062 -1004
 
27398.00 -99 -1083 -1024
 
27426.00 -98 -1104 -1045
 
27456.00 -97 -1125 -1065
 
27485.00 -96 -1146 -1085
 
27514.00 -95 -1166 -1106
 
27543.00 -94 -1187 -1126
 
27573.00 -93 -1208 -1146
 
27601.00 -92 -1229 -1167
 
27631.00 -91 -1249 -1187
 
27660.00 -90 -1270 -1207
 
27688.00 -89 -1291 -1227
 
27718.00 -88 -1311 -1247
 
27747.00 -87 -1331 -1267
 
27777.00 -86 -1352 -1287
 
27805.00 -85 -1372 -1307
 
27835.00 -84 -1392 -1326
 
27864.00 -83 -1412 -1346
 
27892.00 -82 -1432 -1366
 
27922.00 -81 -1452 -1385
 
27951.00 -80 -1472 -1404
 
27980.00 -79 -1491 -1423
 
28009.00 -78 -1511 -1442
 
28039.00 -77 -1530 -1461
 
28067.00 -76 -1550 -1480
 
28097.00 -75 -1569 -1499
 
28126.00 -74 -1588 -1517
 
28154.00 -73 -1607 -1535
 
28184.00 -72 -1625 -1554
 
28213.00 -71 -1644 -1572
 
28242.00 -70 -1662 -1589
 
28271.00 -69 -1681 -1607
 
28301.00 -68 -1699 -1625
 
28329.00 -67 -1717 -1643
 
28359.00 -66 -1735 -1660
 
28388.00 -65 -1753 -1677
 
28417.00 -64 -1770 -1695
 
28446.00 -63 -1788 -1712
 
28475.00 -62 -1805 -1728
 
28505.00 -61 -1822 -1745
 
28533.00 -60 -1839 -1762
 
28563.00 -59 -1856 -1778
 
28592.00 -58 -1873 -1794
 
28620.00 -57 -1889 -1811
 
28650.00 -56 -1906 -1827
 
28679.00 -55 -1922 -1843
 
28708.00 -54 -1938 -1858
 
28737.00 -53 -1954 -1874
 
28767.00 -52 -1970 -1889
 
28795.00 -51 -1986 -1904
 
28824.00 -50 -2001 -1919
 
28854.00 -49 -2016 -1934
 
28882.00 -48 -2031 -1948
 
28912.00 -47 -2046 -1962
 
28941.00 -46 -2060 -1976
 
28971.00 -45 -2074 -1989
 
28999.00 -44 -2088 -2003
 
29029.00 -43 -2102 -2016
 
29058.00 -42 -2115 -2029
 
29086.00 -41 -2129 -2041
 
29116.00 -40 -2141 -2054
 
29145.00 -39 -2154 -2066
 
29174.00 -38 -2166 -2078
 
29203.00 -37 -2178 -2089
 
29233.00 -36 -2190 -2101
 
29261.00 -35 -2201 -2112
 
29290.00 -34 -2212 -2122
 
29320.00 -33 -2223 -2133
 
29348.00 -32 -2233 -2143
 
29378.00 -31 -2244 -2153
 
29407.00 -30 -2254 -2163
 
29436.00 -29 -2263 -2172
 
29465.00 -28 -2272 -2181
 
29495.00 -27 -2281 -2190
 
29523.00 -26 -2289 -2198
 
29552.00 -25 -2297 -2206
 
29582.00 -24 -2305 -2214
 
29611.00 -23 -2313 -2221
 
29640.00 -22 -2320 -2228
 
29669.00 -21 -2327 -2235
 
29699.00 -20 -2334 -2241
 
29727.00 -19 -2340 -2247
 
29756.00 -18 -2345 -2252
 
29786.00 -17 -2351 -2257
 
29814.00 -16 -2355 -2262
 
29844.00 -15 -2360 -2266
 
29873.00 -14 -2364 -2270
 
29902.00 -13 -2367 -2273
 
29931.00 -12 -2370 -2276
 
29961.00 -11 -2373 -2279
 
29989.00 -10 -2375 -2281
 
30018.00 -9 -2376 -2282
 
30047.00 -8 -2377 -2283
 
30074.00 -7 -2378 -2284
 
30103.00 -6 -2378 -2285
 
30131.00 -5 -2378 -2285
 
30159.00 -4 -2378 -2285
 
30187.00 -3 -2378 -2285
 
30215.00 -2 -2378 -2285
 
30243.00 -1 -2378 -2285
 
30271.00 0 -2378 -2285
 
30299.00 1 -2378 -2285
 
30325.00 2 -2378 -2285
 
30352.00 3 -2378 -2285
 
30380.00 4 -2378 -2285
 
30406.00 5 -2378 -2285
 
30434.00 6 -2378 -2285
 
30460.00 7 -2378 -2285
 
30487.00 8 -2378 -2285
 
30515.00 9 -2378 -2285
 
30541.00 10 -2378 -2285
 
30570.00 11 -2378 -2285
 
30598.00 12 -2378 -2285
 
30626.00 13 -2378 -2285
 
30654.00 14 -2378 -2285
 
30682.00 15 -2378 -2285
 
30710.00 16 -2378 -2285
 
30738.00 17 -2378 -2285
 
30767.00 18 -2378 -2285
 
30794.00 19 -2378 -2284
 
30823.00 20 -2378 -2283
 
30851.00 21 -2377 -2282
 
30878.00 22 -2377 -2280
 
30907.00 23 -2375 -2278
 
30935.00 24 -2373 -2276
 
30963.00 25 -2370 -2273
 
30991.00 26 -2366 -2270
 
31019.00 27 -2361 -2266
 
31047.00 28 -2357 -2262
 
31075.00 29 -2353 -2258
 
31104.00 30 -2348 -2252
 
31131.00 31 -2342 -2247
 
31160.00 32 -2337 -2241
 
31187.00 33 -2330 -2235
 
31215.00 34 -2324 -2228
 
31244.00 35 -2317 -2221
 
31271.00 36 -2310 -2214
 
31300.00 37 -2302 -2207
 
31328.00 38 -2294 -2199
 
31356.00 39 -2286 -2191
 
31384.00 40 -2278 -2182
 
31412.00 41 -2268 -2174
 
31440.00 42 -2259 -2165
 
31468.00 43 -2250 -2155
 
31497.00 44 -2240 -2146
 
31524.00 45 -2230 -2135
 
31552.00 46 -2220 -2125
 
31581.00 47 -2209 -2115
 
31608.00 48 -2198 -2104
 
31637.00 49 -2187 -2093
 
31665.00 50 -2175 -2082
 
31693.00 51 -2163 -2070
 
31721.00 52 -2151 -2058
 
31749.00 53 -2139 -2046
 
31777.00 54 -2127 -2034
 
31805.00 55 -2114 -2021
 
31834.00 56 -2101 -2009
 
31861.00 57 -2088 -1996
 
31890.00 58 -2074 -1982
 
31918.00 59 -2061 -1969
 
31945.00 60 -2047 -1955
 
31974.00 61 -2033 -1941
 
32002.00 62 -2019 -1927
 
32030.00 63 -2004 -1913
 
32058.00 64 -1989 -1898
 
32086.00 65 -1974 -1883
 
32114.00 66 -1959 -1868
 
32142.00 67 -1944 -1853
 
32171.00 68 -1928 -1837
 
32198.00 69 -1913 -1821
 
32227.00 70 -1897 -1805
 
32254.00 71 -1881 -1789
 
32282.00 72 -1864 -1773
 
32311.00 73 -1848 -1757
 
32338.00 74 -1831 -1740
 
32367.00 75 -1815 -1724
 
32395.00 76 -1798 -1707
 
32423.00 77 -1781 -1690
 
32451.00 78 -1764 -1673
 
32479.00 79 -1747 -1657
 
32507.00 80 -1729 -1640
 
32535.00 81 -1712 -1622
 
32564.00 82 -1694 -1605
 
32591.00 83 -1676 -1588
 
32620.00 84 -1659 -1570
 
32648.00 85 -1640 -1553
 
32675.00 86 -1622 -1535
 
32704.00 87 -1605 -1518
 
32732.00 88 -1586 -1500
 
32760.00 89 -1568 -1482
 
32788.00 90 -1549 -1464
 
32816.00 91 -1531 -1446
 
32844.00 92 -1512 -1427
 
32872.00 93 -1493 -1409
 
32901.00 94 -1474 -1390
 
32928.00 95 -1455 -1372
 
32957.00 96 -1435 -1353
 
32985.00 97 -1416 -1334
 
33012.00 98 -1396 -1314
 
33041.00 99 -1377 -1295
 
33069.00 100 -1357 -1275
 
33098.00 99 -1337 -1255
 
33126.00 98 -1317 -1236
 
33155.00 97 -1297 -1216
 
33182.00 96 -1277 -1197
 
33210.00 95 -1257 -1177
 
33239.00 94 -1237 -1158
 
33266.00 93 -1218 -1138
 
33295.00 92 -1198 -1119
 
33323.00 91 -1179 -1100
 
33350.00 90 -1159 -1080
 
33379.00 89 -1140 -1061
 
33406.00 88 -1121 -1043
 
33435.00 87 -1101 -1024
 
33463.00 86 -1082 -1005
 
33491.00 85 -1063 -986
 
33518.00 84 -1045 -969
 
33545.00 83 -1027 -951
 
33572.00 82 -1009 -934
 
33599.00 81 -991 -917
 
33626.00 80 -974 -901
 
33651.00 79 -957 -884
 
33677.00 78 -940 -867
 
33703.00 77 -923 -851
 
33729.00 76 -906 -835
 
33756.00 75 -889 -818
 
33781.00 74 -873 -802
 
33807.00 73 -856 -786
 
33833.00 72 -840 -769
 
33859.00 71 -823 -753
 
33886.00 70 -807 -737
 
33911.00 69 -791 -721
 
33937.00 68 -775 -705
 
33964.00 67 -759 -690
 
33989.00 66 -743 -674
 
34015.00 65 -727 -658
 
34041.00 64 -712 -643
 
34067.00 63 -696 -628
 
34094.00 62 -681 -612
 
34119.00 61 -666 -597
 
34145.00 60 -651 -583
 
34171.00 59 -636 -568
 
34197.00 58 -621 -553
 
34224.00 57 -607 -539
 
34249.00 56 -592 -525
 
34275.00 55 -578 -511
 
34301.00 54 -564 -497
 
34327.00 53 -550 -484
 
34354.00 52 -536 -470
 
34379.00 51 -522 -457
 
34405.00 50 -509 -444
 
34432.00 49 -496 -431
 
34457.00 48 -483 -418
 
34484.00 47 -470 -406
 
34509.00 46 -458 -394
 
34535.00 45 -445 -382
 
34562.00 44 -433 -371
 
34587.00 43 -421 -359
 
34613.00 42 -410 -348
 
34639.00 41 -398 -336
 
34665.00 40 -387 -325
 
34692.00 39 -376 -315
 
34717.00 38 -365 -304
 
34743.00 37 -355 -294
 
34769.00 36 -344 -284
 
34795.00 35 -334 -274
 
34822.00 34 -325 -264
 
34847.00 33 -315 -255
 
34873.00 32 -306 -246
 
34899.00 31 -297 -237
 
34925.00 30 -288 -228
 
34952.00 29 -280 -220
 
34977.00 28 -271 -212
 
35003.00 27 -264 -204
 
35030.00 26 -256 -196
 
35055.00 25 -249 -189
 
35081.00 24 -242 -182
 
35107.00 23 -235 -175
 
35133.00 22 -229 -168
 
35160.00 21 -222 -162
 
35185.00 20 -217 -156
 
35211.00 19 -211 -151
 
35237.00 18 -206 -146
 
35263.00 17 -201 -141
 
35290.00 16 -197 -137
 
35315.00 15 -193 -133
 
35341.00 14 -189 -130
 
35367.00 13 -186 -127
 
35393.00 12 -183 -124
 
35420.00 11 -181 -122
 
35445.00 10 -179 -120
 
35471.00 9 -178 -119
 
35496.00 8 -177 -118
 
35521.00 7 -177 -118
 
35546.00 6 -177 -118
 
35571.00 5 -177 -118
 
35596.00 4 -177 -118
 
35621.00 3 -177 -118
 
35646.00 2 -177 -118
 
35671.00 1 -177 -118
 
35696.00 0 -177 -118
 
35721.00 -1 -177 -118
 
35746.00 -2 -177 -118
 
35773.00 -3 -177 -118
 
35799.00 -4 -177 -118
 
35825.00 -5 -177 -118
 
35851.00 -6 -177 -118
 
35876.00 -7 -177 -118
 
35903.00 -8 -177 -118
 
35929.00 -9 -177 -118
 
35955.00 -10 -177 -118
 
35982.00 -11 -177 -118
 
36008.00 -12 -177 -118
 
36036.00 -13 -178 -118
 
36063.00 -14 -178 -118
 
36090.00 -15 -178 -118
 
36117.00 -16 -178 -118
 
36144.00 -17 -178 -118
 
36171.00 -18 -178 -119
 
36198.00 -19 -178 -120
 
36226.00 -20 -178 -122
 
36252.00 -21 -178 -123
 
36279.00 -22 -179 -125
 
36306.00 -23 -181 -128
 
36333.00 -24 -183 -131
 
36361.00 -25 -187 -134
 
36387.00 -26 -191 -137
 
36415.00 -27 -195 -141
 
36442.00 -28 -199 -146
 
36468.00 -29 -204 -150
 
36496.00 -30 -209 -155
 
36523.00 -31 -215 -160
 
36550.00 -32 -221 -166
 
36577.00 -33 -227 -173
 
36603.00 -34 -233 -179
 
36631.00 -35 -240 -186
 
36658.00 -36 -247 -193
 
36685.00 -37 -255 -201
 
36712.00 -38 -262 -209
 
36739.00 -39 -271 -217
 
36766.00 -40 -279 -225
 
36793.00 -41 -288 -234
 
36820.00 -42 -297 -243
 
36847.00 -43 -306 -252
 
36874.00 -44 -316 -262
 
36901.00 -45 -326 -272
 
36928.00 -46 -336 -281
 
36956.00 -47 -347 -292
 
36982.00 -48 -357 -302
 
37009.00 -49 -368 -313
 
37037.00 -50 -379 -324
 
37063.00 -51 -391 -335
 
37091.00 -52 -402 -346
 
37117.00 -53 -414 -358
 
37144.00 -54 -426 -370
 
37172.00 -55 -439 -382
 
37198.00 -56 -451 -394
 
37226.00 -57 -464 -407
 
37253.00 -58 -477 -419
 
37280.00 -59 -490 -432
 
37307.00 -60 -504 -445
 
37334.00 -61 -518 -459
 
37361.00 -62 -531 -472
 
37388.00 -63 -545 -486
 
37415.00 -64 -560 -500
 
37442.00 -65 -574 -514
 
37469.00 -66 -589 -529
 
37496.00 -67 -603 -543
 
37523.00 -68 -619 -558
 
37551.00 -69 -634 -573
 
37577.00 -70 -649 -588
 
37604.00 -71 -665 -604
 
37632.00 -72 -681 -619
 
37658.00 -73 -697 -635
 
37686.00 -74 -713 -651
 
37712.00 -75 -729 -667
 
37739.00 -76 -746 -683
 
37767.00 -77 -762 -699
 
37793.00 -78 -779 -716
 
37821.00 -79 -796 -733
 
37848.00 -80 -813 -749
 
37874.00 -81 -830 -766
 
37902.00 -82 -848 -783
 
37928.00 -83 -865 -801
 
37956.00 -84 -883 -818
 
37983.00 -85 -901 -836
 
38009.00 -86 -919 -853
 
38037.00 -87 -937 -871
 
38064.00 -88 -955 -888
 
38091.00 -89 -973 -906
 
38118.00 -90 -992 -924
 
38146.00 -91 -1010 -942
 
38173.00 -92 -1029 -961
 
38201.00 -93 -1049 -980
 
38230.00 -94 -1068 -999
 
38257.00 -95 -1088 -1018
 
38287.00 -96 -1108 -1038
 
38316.00 -97 -1129 -1058
 
38345.00 -98 -1149 -1078
 
38374.00 -99 -1170 -1098
 
38403.00 -100 -1191 -1119
 
38433.00 -99 -1212 -1139
 
38462.00 -98 -1233 -1160
 
38492.00 -97 -1254 -1180
 
38520.00 -96 -1275 -1201
 
38550.00 -95 -1296 -1221
 
38579.00 -94 -1317 -1242
 
38607.00 -93 -1338 -1262
 
38637.00 -92 -1358 -1282
 
38666.00 -91 -1379 -1303
 
38695.00 -90 -1400 -1323
 
38724.00 -89 -1421 -1343
 
38754.00 -88 -1441 -1363
 
38782.00 -87 -1462 -1384
 
38812.00 -86 -1482 -1403
 
38841.00 -85 -1502 -1423
 
38870.00 -84 -1523 -1443
 
38899.00 -83 -1543 -1462
 
38928.00 -82 -1563 -1482
 
38958.00 -81 -1583 -1501
 
38986.00 -80 -1602 -1520
 
39016.00 -79 -1622 -1539
 
39045.00 -78 -1642 -1558
 
39073.00 -77 -1661 -1577
 
39103.00 -76 -1680 -1595
 
39132.00 -75 -1700 -1614
 
39161.00 -74 -1718 -1632
 
39190.00 -73 -1737 -1651
 
39220.00 -72 -1756 -1669
 
39248.00 -71 -1775 -1687
 
39278.00 -70 -1793 -1705
 
39307.00 -69 -1812 -1723
 
39335.00 -68 -1830 -1741
 
39365.00 -67 -1848 -1759
 
39394.00 -66 -1866 -1776
 
39424.00 -65 -1884 -1794
 
39452.00 -64 -1901 -1811
 
39482.00 -63 -1919 -1828
 
39511.00 -62 -1937 -1845
 
39539.00 -61 -1954 -1862
 
39569.00 -60 -1971 -1879
 
39598.00 -59 -1988 -1895
 
39627.00 -58 -2005 -1912
 
39656.00 -57 -2022 -1929
 
39686.00 -56 -2039 -1945
 
39714.00 -55 -2055 -1961
 
39744.00 -54 -2071 -1977
 
39773.00 -53 -2087 -1992
 
39801.00 -52 -2103 -2007
 
39831.00 -51 -2118 -2022
 
39860.00 -50 -2134 -2037
 
39889.00 -49 -2149 -2052
 
39918.00 -48 -2164 -2066
 
39948.00 -47 -2179 -2081
 
39976.00 -46 -2193 -2094
 
40005.00 -45 -2207 -2108
 
40035.00 -44 -2221 -2122
 
40064.00 -43 -2235 -2135
 
40093.00 -42 -2248 -2148
 
40122.00 -41 -2261 -2161
 
40152.00 -40 -2274 -2173
 
40180.00 -39 -2287 -2186
 
40210.00 -38 -2299 -2198
 
40239.00 -37 -2311 -2210
 
40267.00 -36 -2323 -2221
 
40297.00 -35 -2335 -2233
 
40326.00 -34 -2346 -2244
 
40355.00 -33 -2357 -2255
 
40384.00 -32 -2368 -2265
 
40414.00 -31 -2378 -2275
 
40442.00 -30 -2389 -2285
 
40471.00 -29 -2398 -2295
 
40501.00 -28 -2408 -2304
 
40529.00 -27 -2417 -2313
 
40559.00 -26 -2425 -2321
 
40588.00 -25 -2433 -2329
 
40617.00 -24 -2441 -2337
 
40646.00 -23 -2449 -2345
 
40676.00 -22 -2456 -2352
 
40705.00 -21 -2463 -2359
 
40733.00 -20 -2469 -2365
 
40763.00 -19 -2475 -2371
 
40792.00 -18 -2481 -2377
 
40821.00 -17 -2487 -2382
 
40850.00 -16 -2492 -2387
 
40880.00 -15 -2496 -2391
 
40908.00 -14 -2500 -2395
 
40937.00 -13 -2504 -2398
 
40967.00 -12 -2507 -2401
 
40995.00 -11 -2510 -2403
 
41025.00 -10 -2512 -2406
 
41054.00 -9 -2513 -2407
 
41082.00 -8 -2515 -2409
 
41110.00 -7 -2515 -2409
 
41138.00 -6 -2515 -2410
 
41166.00 -5 -2515 -2410
 
41194.00 -4 -2515 -2410
 
41223.00 -3 -2515 -2411
 
41250.00 -2 -2515 -2411
 
41279.00 -1 -2515 -2411
 
41307.00 0 -2515 -2411
 
41333.00 1 -2515 -2411
 
41361.00 2 -2515 -2411
 
41388.00 3 -2515 -2411
 
41415.00 4 -2515 -2411
 
41442.00 5 -2515 -2411
 
41468.00 6 -2515 -2411
 
41496.00 7 -2515 -2411
 
41523.00 8 -2515 -2411
 
41550.00 9 -2515 -2411
 
41577.00 10 -2515 -2411
 
41606.00 11 -2515 -2411
 
41633.00 12 -2515 -2411
 
41661.00 13 -2515 -2411
 
41690.00 14 -2515 -2411
 
41717.00 15 -2515 -2411
 
41746.00 16 -2515 -2411
 
41774.00 17 -2515 -2411
 
41801.00 18 -2515 -2411
 
41830.00 19 -2515 -2411
 
41858.00 20 -2515 -2411
 
41886.00 21 -2515 -2410
 
41914.00 22 -2515 -2408
 
41943.00 23 -2515 -2406
 
41970.00 24 -2512 -2403
 
41998.00 25 -2510 -2401
 
42027.00 26 -2506 -2397
 
42054.00 27 -2502 -2394
 
42083.00 28 -2497 -2389
 
42110.00 29 -2492 -2385
 
42139.00 30 -2487 -2380
 
42167.00 31 -2481 -2374
 
42194.00 32 -2476 -2368
 
42223.00 33 -2469 -2362
 
42251.00 34 -2463 -2355
 
42279.00 35 -2456 -2348
 
42307.00 36 -2449 -2341
 
42335.00 37 -2441 -2333
 
42363.00 38 -2433 -2325
 
42391.00 39 -2424 -2316
 
42420.00 40 -2416 -2308
 
42447.00 41 -2407 -2299
 
42476.00 42 -2398 -2290
 
42504.00 43 -2388 -2280
 
42531.00 44 -2378 -2271
 
42560.00 45 -2368 -2260
 
42588.00 46 -2358 -2250
 
42616.00 47 -2347 -2240
 
42644.00 48 -2336 -2229
 
42673.00 49 -2325 -2218
 
42700.00 50 -2314 -2206
 
42728.00 51 -2302 -2195
 
42757.00 52 -2290 -2183
 
42784.00 53 -2277 -2171
 
42813.00 54 -2265 -2158
 
42841.00 55 -2252 -2145
 
42868.00 56 -2239 -2133
 
42897.00 57 -2225 -2119
 
42925.00 58 -2212 -2106
 
42953.00 59 -2198 -2093
 
42981.00 60 -2184 -2079
 
43010.00 61 -2170 -2065
 
43037.00 62 -2156 -2051
 
43065.00 63 -2141 -2037
 
43094.00 64 -2126 -2022
 
43121.00 65 -2111 -2008
 
43150.00 66 -2096 -1993
 
43177.00 67 -2081 -1978
 
43206.00 68 -2065 -1962
 
43234.00 69 -2050 -1947
 
43261.00 70 -2034 -1931
 
43290.00 71 -2018 -1915
 
43318.00 72 -2001 -1899
 
43346.00 73 -1985 -1883
 
43374.00 74 -1968 -1866
 
43403.00 75 -1951 -1849
 
43430.00 76 -1934 -1832
 
43458.00 77 -1917 -1815
 
43487.00 78 -1900 -1798
 
43514.00 79 -1882 -1781
 
43543.00 80 -1865 -1763
 
43571.00 81 -1847 -1746
 
43598.00 82 -1829 -1728
 
43627.00 83 -1811 -1710
 
43655.00 84 -1793 -1692
 
43683.00 85 -1775 -1674
 
43711.00 86 -1756 -1656
 
43740.00 87 -1738 -1638
 
43767.00 88 -1720 -1620
 
43795.00 89 -1701 -1602
 
43824.00 90 -1682 -1583
 
43851.00 91 -1663 -1565
 
43880.00 92 -1644 -1546
 
43908.00 93 -1625 -1528
 
43936.00 94 -1606 -1509
 
43964.00 95 -1587 -1490
 
43992.00 96 -1567 -1471
 
44020.00 97 -1548 -1452
 
44048.00 98 -1528 -1433
 
44077.00 99 -1508 -1414
 
44104.00 100 -1488 -1394
 
44133.00 99 -1468 -1375
 
44162.00 98 -1448 -1355
 
44189.00 97 -1428 -1336
 
44218.00 96 -1408 -1316
 
44246.00 95 -1388 -1296
 
44274.00 94 -1368 -1277
 
44302.00 93 -1349 -1257
 
44329.00 92 -1329 -1237
 
44358.00 91 -1309 -1218
 
44386.00 90 -1289 -1198
 
44414.00 89 -1270 -1179
 
44442.00 88 -1250 -1161
 
44471.00 87 -1231 -1142
 
44498.00 86 -1212 -1123
 
44526.00 85 -1193 -1104
 
44555.00 84 -1174 -1085
 
44582.00 83 -1156 -1067
 
44611.00 82 -1137 -1048
 
44639.00 81 -1118 -1030
 
44667.00 80 -1099 -1012
 
44695.00 79 -1081 -993
 
44722.00 78 -1063 -976
 
44749.00 77 -1045 -959
 
44776.00 76 -1028 -942
 
44804.00 75 -1010 -925
 
44830.00 74 -993 -909
 
44856.00 73 -976 -893
 
44882.00 72 -960 -877
 
44908.00 71 -943 -861
 
44935.00 70 -928 -846
 
44960.00 69 -912 -831
 
44986.00 68 -895 -816
 
45012.00 67 -879 -800
 
45038.00 66 -863 -784
 
45064.00 65 -847 -769
 
45090.00 64 -832 -753
 
45116.00 63 -817 -738
 
45143.00 62 -801 -723
 
45168.00 61 -786 -708
 
45194.00 60 -771 -693
 
45220.00 59 -756 -678
 
45246.00 58 -741 -663
 
45273.00 57 -726 -649
 
45298.00 56 -712 -634
 
45324.00 55 -697 -620
 
45350.00 54 -683 -606
 
45376.00 53 -668 -592
 
45403.00 52 -655 -578
 
45428.00 51 -641 -565
 
45454.00 50 -627 -551
 
45480.00 49 -614 -538
 
45506.00 48 -601 -525
 
45533.00 47 -588 -513
 
45558.00 46 -575 -500
 
45584.00 45 -562 -488
 
45611.00 44 -550 -476
 
45636.00 43 -537 -464
 
45662.00 42 -525 -452
 
45688.00 41 -514 -441
 
45714.00 40 -502 -429
 
45741.00 39 -491 -419
 
45766.00 38 -480 -408
 
45792.00 37 -469 -398
 
45818.00 36 -458 -388
 
45844.00 35 -448 -378
 
45871.00 34 -438 -368
 
45896.00 33 -428 -359
 
45922.00 32 -419 -350
 
45948.00 31 -409 -341
 
45974.00 30 -401 -332
 
46001.00 29 -392 -324
 
46026.00 28 -384 -316
 
46052.00 27 -376 -308
 
46078.00 26 -368 -301
 
46104.00 25 -361 -293
 
46130.00 24 -354 -287
 
46156.00 23 -347 -280
 
46182.00 22 -341 -274
 
46209.00 21 -335 -268
 
46234.00 20 -329 -263
 
46260.00 19 -324 -258
 
46286.00 18 -319 -253
 
46312.00 17 -314 -249
 
46339.00 16 -310 -244
 
46364.00 15 -306 -241
 
46390.00 14 -303 -237
 
46416.00 13 -300 -234
 
46442.00 12 -297 -232
 
46469.00 11 -295 -229
 
46494.00 10 -293 -227
 
46520.00 9 -291 -225
 
46545.00 8 -290 -224
 
46570.00 7 -289 -224
 
46595.00 6 -289 -224
 
46620.00 5 -289 -224
 
46645.00 4 -289 -224
 
46670.00 3 -289 -224
 
46695.00 2 -289 -224
 
46720.00 1 -289 -224
 
46745.00 0 -289 -224
 
46770.00 -1 -289 -224
 
46795.00 -2 -289 -224
 
46822.00 -3 -289 -224
 
46848.00 -4 -289 -224
 
46874.00 -5 -289 -224
 
46900.00 -6 -289 -224
 
46925.00 -7 -289 -224
 
46952.00 -8 -289 -224
 
46978.00 -9 -289 -224
 
47004.00 -10 -289 -224
 
47031.00 -11 -289 -224
 
47057.00 -12 -289 -224
 
47085.00 -13 -289 -224
 
47112.00 -14 -290 -224
 
47139.00 -15 -290 -224
 
47166.00 -16 -290 -224
 
47193.00 -17 -290 -224
 
47220.00 -18 -290 -225
 
47247.00 -19 -290 -226
 
47275.00 -20 -290 -227
 
47301.00 -21 -291 -228
 
47328.00 -22 -292 -229
 
47355.00 -23 -294 -231
 
47382.00 -24 -296 -234
 
47410.00 -25 -299 -237
 
47436.00 -26 -303 -241
 
47464.00 -27 -306 -245
 
47491.00 -28 -311 -249
 
47517.00 -29 -315 -254
 
47545.00 -30 -321 -259
 
47571.00 -31 -326 -264
 
47599.00 -32 -332 -269
 
47626.00 -33 -338 -275
 
47652.00 -34 -345 -282
 
47680.00 -35 -351 -288
 
47707.00 -36 -358 -296
 
47734.00 -37 -366 -303
 
47761.00 -38 -373 -310
 
47788.00 -39 -381 -318
 
47815.00 -40 -390 -327
 
47842.00 -41 -398 -335
 
47869.00 -42 -407 -344
 
47896.00 -43 -416 -353
 
47923.00 -44 -426 -363
 
47950.00 -45 -435 -372
 
47977.00 -46 -445 -382
 
48005.00 -47 -456 -392
 
48031.00 -48 -466 -402
 
48058.00 -49 -477 -413
 
48086.00 -50 -488 -424
 
48112.00 -51 -500 -435
 
48140.00 -52 -512 -446
 
48166.00 -53 -523 -458
 
48193.00 -54 -535 -470
 
48221.00 -55 -548 -482
 
48247.00 -56 -560 -495
 
48275.00 -57 -573 -507
 
48302.00 -58 -586 -520
 
48329.00 -59 -599 -533
 
48356.00 -60 -613 -547
 
48382.00 -61 -627 -560
 
48410.00 -62 -641 -574
 
48437.00 -63 -656 -588
 
48464.00 -64 -670 -602
 
48491.00 -65 -685 -617
 
48518.00 -66 -700 -631
 
48545.00 -67 -715 -646
 
48572.00 -68 -730 -661
 
48600.00 -69 -746 -677
 
48626.00 -70 -761 -692
 
48653.00 -71 -777 -708
 
48680.00 -72 -793 -724
 
48707.00 -73 -810 -740
 
48735.00 -74 -826 -756
 
48761.00 -75 -843 -772
 
48788.00 -76 -860 -789
 
48816.00 -77 -877 -806
 
48842.00 -78 -894 -822
 
48870.00 -79 -911 -839
 
48897.00 -80 -929 -856
 
48923.00 -81 -946 -874
 
48951.00 -82 -962 -891
 
48977.00 -83 -979 -908
 
49005.00 -84 -997 -925
 
49032.00 -85 -1015 -944
 
49060.00 -86 -1034 -962
 
49088.00 -87 -1053 -980
 
49116.00 -88 -1072 -998
 
49144.00 -89 -1090 -1016
 
49173.00 -90 -1110 -1036
 
49203.00 -91 -1130 -1055
 
49231.00 -92 -1150 -1075
 
49261.00 -93 -1170 -1094
 
49290.00 -94 -1191 -1114
 
49318.00 -95 -1211 -1134
 
49348.00 -96 -1232 -1154
 
49377.00 -97 -1252 -1174
 
49406.00 -98 -1273 -1194
 
49435.00 -99 -1293 -1214
 
49465.00 -100 -1314 -1235
 
49495.00 -99 -1335 -1255
 
49523.00 -98 -1357 -1276
 
49553.00 -97 -1378 -1297
 
49582.00 -96 -1399 -1317
 
49611.00 -95 -1419 -1337
 
49640.00 -94 -1440 -1358
 
49670.00 -93 -1461 -1378
 
49698.00 -92 -1482 -1399
 
49728.00 -91 -1503 -1419
 
49757.00 -90 -1523 -1439
 
49785.00 -89 -1544 -1459
 
49815.00 -88 -1564 -1479
 
49844.00 -87 -1585 -1498
 
49873.00 -86 -1605 -1518
 
49902.00 -85 -1625 -1537
 
49932.00 -84 -1645 -1557
 
49960.00 -83 -1665 -1576
 
49989.00 -82 -1685 -1595
 
50019.00 -81 -1704 -1614
 
50048.00 -80 -1724 -1633
 
50077.00 -79 -1743 -1652
 
50106.00 -78 -1762 -1671
 
50136.00 -77 -1782 -1689
 
50164.00 -76 -1801 -1708
 
50194.00 -75 -1820 -1727
 
50223.00 -74 -1839 -1745
 
50251.00 -73 -1858 -1764
 
50281.00 -72 -1877 -1782
 
50310.00 -71 -1896 -1801
 
50339.00 -70 -1915 -1819
 
50368.00 -69 -1933 -1837
 
50398.00 -68 -1952 -1855
 
50426.00 -67 -1970 -1873
 
50455.00 -66 -1988 -1891
 
50485.00 -65 -2007 -1909
 
50513.00 -64 -2025 -1926
 
50543.00 -63 -2043 -1944
 
50572.00 -62 -2060 -1961
 
50601.00 -61 -2078 -1978
 
50630.00 -60 -2095 -1995
 
50660.00 -59 -2112 -2011
 
50689.00 -58 -2129 -2028
 
50717.00 -57 -2146 -2044
 
50747.00 -56 -2163 -2060
 
50776.00 -55 -2179 -2076
 
50805.00 -54 -2196 -2091
 
50834.00 -53 -2212 -2106
 
50864.00 -52 -2227 -2122
 
50892.00 -51 -2243 -2136
 
50921.00 -50 -2259 -2151
 
50951.00 -49 -2274 -2166
 
50979.00 -48 -2288 -2180
 
51009.00 -47 -2303 -2194
 
51038.00 -46 -2317 -2208
 
51067.00 -45 -2331 -2222
 
51096.00 -44 -2345 -2235
 
51126.00 -43 -2359 -2249
 
51154.00 -42 -2373 -2262
 
51183.00 -41 -2386 -2275
 
51213.00 -40 -2399 -2288
 
51241.00 -39 -2412 -2300
 
51271.00 -38 -2424 -2312
 
51300.00 -37 -2436 -2324
 
51330.00 -36 -2448 -2336
 
51358.00 -35 -2460 -2347
 
51387.00 -34 -2471 -2358
 
51417.00 -33 -2482 -2369
 
51445.00 -32 -2493 -2380
 
51475.00 -31 -2504 -2390
 
51504.00 -30 -2514 -2400
 
51533.00 -29 -2524 -2410
 
51562.00 -28 -2534 -2419
 
51592.00 -27 -2543 -2428
 
51620.00 -26 -2552 -2437
 
51649.00 -25 -2560 -2445
 
51679.00 -24 -2568 -2453
 
51707.00 -23 -2576 -2461
 
51737.00 -22 -2583 -2469
 
51766.00 -21 -2590 -2476
 
51795.00 -20 -2597 -2482
 
51824.00 -19 -2603 -2488
 
51853.00 -18 -2609 -2494
 
51883.00 -17 -2614 -2499
 
51911.00 -16 -2619 -2503
 
51941.00 -15 -2624 -2507
 
51970.00 -14 -2628 -2511
 
51999.00 -13 -2631 -2515
 
52028.00 -12 -2634 -2517
 
52058.00 -11 -2637 -2519
 
52086.00 -10 -2639 -2521
 
52115.00 -9 -2640 -2523
 
52144.00 -8 -2641 -2524
 
52171.00 -7 -2642 -2524
 
52200.00 -6 -2642 -2524
 
52228.00 -5 -2642 -2524
 
52256.00 -4 -2642 -2524
 
52284.00 -3 -2642 -2524
 
52312.00 -2 -2642 -2524
 
52340.00 -1 -2642 -2524
 
52368.00 0 -2642 -2524
 
52396.00 1 -2642 -2524
 
52422.00 2 -2642 -2524
 
52449.00 3 -2642 -2524
 
52476.00 4 -2642 -2524
 
52503.00 5 -2642 -2524
 
52531.00 6 -2642 -2524
 
52557.00 7 -2642 -2524
 
52584.00 8 -2642 -2524
 
52612.00 9 -2642 -2524
 
52638.00 10 -2642 -2524
 
52667.00 11 -2641 -2524
 
52695.00 12 -2641 -2524
 
52723.00 13 -2641 -2524
 
52751.00 14 -2641 -2524
 
52779.00 15 -2641 -2524
 
52807.00 16 -2641 -2524
 
52835.00 17 -2641 -2524
 
52864.00 18 -2641 -2524
 
52891.00 19 -2641 -2524
 
52919.00 20 -2641 -2524
 
52947.00 21 -2641 -2524
 
52975.00 22 -2641 -2524
 
53004.00 23 -2640 -2523
 
53031.00 24 -2638 -2521
 
53060.00 25 -2636 -2518
 
53088.00 26 -2634 -2515
 
53115.00 27 -2631 -2512
 
53144.00 28 -2627 -2508
 
53172.00 29 -2622 -2503
 
53200.00 30 -2618 -2498
 
53228.00 31 -2612 -2493
 
53257.00 32 -2606 -2487
 
53284.00 33 -2600 -2481
 
53312.00 34 -2594 -2474
 
53341.00 35 -2587 -2467
 
53368.00 36 -2579 -2460
 
53397.00 37 -2571 -2453
 
53425.00 38 -2564 -2444
 
53453.00 39 -2556 -2436
 
53481.00 40 -2547 -2427
 
53509.00 41 -2538 -2418
 
53537.00 42 -2528 -2409
 
53565.00 43 -2519 -2399
 
53594.00 44 -2508 -2389
 
53621.00 45 -2498 -2379
 
53649.00 46 -2487 -2368
 
53678.00 47 -2477 -2358
 
53705.00 48 -2466 -2347
 
53734.00 49 -2454 -2335
 
53762.00 50 -2443 -2324
 
53790.00 51 -2431 -2312
 
53818.00 52 -2419 -2300
 
53846.00 53 -2406 -2288
 
53874.00 54 -2394 -2275
 
53902.00 55 -2381 -2263
 
53931.00 56 -2368 -2250
 
53958.00 57 -2355 -2237
 
53987.00 58 -2341 -2223
 
54014.00 59 -2327 -2210
 
54042.00 60 -2314 -2196
 
54071.00 61 -2299 -2182
 
54098.00 62 -2285 -2168
 
54127.00 63 -2270 -2154
 
54155.00 64 -2255 -2139
 
54182.00 65 -2240 -2124
 
54211.00 66 -2225 -2110
 
54239.00 67 -2210 -2095
 
54267.00 68 -2194 -2079
 
54295.00 69 -2179 -2064
 
54324.00 70 -2163 -2048
 
54351.00 71 -2147 -2032
 
54379.00 72 -2130 -2016
 
54408.00 73 -2114 -2000
 
54435.00 74 -2097 -1984
 
54464.00 75 -2081 -1968
 
54492.00 76 -2064 -1951
 
54520.00 77 -2047 -1934
 
54548.00 78 -2030 -1917
 
54576.00 79 -2012 -1900
 
54604.00 80 -1995 -1883
 
54632.00 81 -1977 -1865
 
54661.00 82 -1959 -1847
 
54688.00 83 -1941 -1829
 
54716.00 84 -1923 -1811
 
54745.00 85 -1904 -1793
 
54772.00 86 -1886 -1775
 
54801.00 87 -1867 -1756
 
54829.00 88 -1849 -1738
 
54857.00 89 -1830 -1719
 
54885.00 90 -1810 -1700
 
54913.00 91 -1792 -1682
 
54941.00 92 -1772 -1663
 
54969.00 93 -1753 -1644
 
54998.00 94 -1734 -1625
 
55025.00 95 -1715 -1606
 
55054.00 96 -1695 -1586
 
55081.00 97 -1675 -1567
 
55109.00 98 -1655 -1548
 
55138.00 99 -1636 -1529
 
55165.00 100 -1615 -1509
 
55195.00 99 -1595 -1489
 
55223.00 98 -1575 -1470
 
55251.00 97 -1555 -1450
 
55279.00 96 -1535 -1431
 
55307.00 95 -1515 -1411
 
55335.00 94 -1496 -1392
 
55363.00 93 -1476 -1373
 
55392.00 92 -1456 -1353
 
55419.00 91 -1436 -1334
 
55447.00 90 -1416 -1314
 
55476.00 89 -1397 -1295
 
55503.00 88 -1377 -1275
 
55532.00 87 -1357 -1256
 
55560.00 86 -1338 -1237
 
55588.00 85 -1318 -1218
 
55616.00 84 -1299 -1198
 
55644.00 83 -1280 -1179
 
55672.00 82 -1261 -1161
 
55700.00 81 -1242 -1142
 
55729.00 80 -1223 -1123
 
55756.00 79 -1204 -1105
 
55785.00 78 -1185 -1086
 
55813.00 77 -1167 -1068
 
55840.00 76 -1149 -1050
 
55869.00 75 -1130 -1032
 
55897.00 74 -1112 -1014
 
55925.00 73 -1094 -996
 
55952.00 72 -1076 -980
 
55979.00 71 -1059 -963
 
56006.00 70 -1042 -946
 
56033.00 69 -1025 -930
 
56060.00 68 -1009 -914
 
56087.00 67 -992 -898
 
56113.00 66 -976 -883
 
56139.00 65 -960 -867
 
56165.00 64 -945 -852
 
56192.00 63 -930 -837
 
56217.00 62 -914 -822
 
56243.00 61 -899 -807
 
56269.00 60 -884 -792
 
56295.00 59 -869 -777
 
56322.00 58 -855 -763
 
56347.00 57 -840 -748
 
56373.00 56 -826 -733
 
56399.00 55 -811 -719
 
56425.00 54 -797 -705
 
56452.00 53 -783 -691
 
56477.00 52 -769 -677
 
56503.00 51 -755 -663
 
56529.00 50 -741 -649
 
56555.00 49 -728 -636
 
56582.00 48 -714 -623
 
56607.00 47 -701 -610
 
56633.00 46 -688 -597
 
56659.00 45 -675 -585
 
56685.00 44 -663 -572
 
56711.00 43 -651 -560
 
56737.00 42 -638 -548
 
56763.00 41 -626 -536
 
56790.00 40 -615 -525
 
56815.00 39 -603 -514
 
56841.00 38 -592 -503
 
56867.00 37 -581 -492
 
56893.00 36 -570 -481
 
56920.00 35 -560 -471
 
56945.00 34 -550 -461
 
56971.00 33 -540 -451
 
56997.00 32 -530 -442
 
57023.00 31 -520 -433
 
57050.00 30 -512 -424
 
57075.00 29 -503 -416
 
57101.00 28 -494 -408
 
57127.00 27 -486 -400
 
57153.00 26 -478 -392
 
57179.00 25 -471 -385
 
57205.00 24 -464 -378
 
57231.00 23 -457 -372
 
57257.00 22 -450 -365
 
57283.00 21 -444 -360
 
57309.00 20 -439 -354
 
57335.00 19 -433 -349
 
57361.00 18 -428 -344
 
57388.00 17 -424 -340
 
57413.00 16 -419 -335
 
57439.00 15 -416 -332
 
57465.00 14 -412 -328
 
57491.00 13 -409 -325
 
57518.00 12 -407 -323
 
57543.00 11 -404 -320
 
57569.00 10 -403 -318
 
57595.00 9 -401 -317
 
57620.00 8 -401 -316
 
57645.00 7 -400 -316
 
57670.00 6 -400 -315
 
57695.00 5 -400 -315
 
57720.00 4 -400 -315
 
57745.00 3 -400 -315
 
57769.00 2 -400 -315
 
57795.00 1 -400 -315
 
57820.00 0 -400 -315
 
57845.00 -1 -400 -315
 
57871.00 -2 -400 -315
 
57896.00 -3 -400 -315
 
57923.00 -4 -400 -315
 
57949.00 -5 -400 -315
 
57974.00 -6 -400 -315
 
58001.00 -7 -400 -315
 
58027.00 -8 -400 -315
 
58053.00 -9 -400 -315
 
58079.00 -10 -400 -315
 
58105.00 -11 -400 -315
 
58133.00 -12 -400 -315
 
58160.00 -13 -400 -315
 
58187.00 -14 -400 -315
 
58214.00 -15 -400 -315
 
58241.00 -16 -400 -315
 
58268.00 -17 -400 -316
 
58295.00 -18 -400 -316
 
58322.00 -19 -400 -316
 
58349.00 -20 -400 -316
 
58376.00 -21 -400 -317
 
58403.00 -22 -400 -319
 
58430.00 -23 -402 -321
 
58458.00 -24 -404 -323
 
58484.00 -25 -406 -326
 
58512.00 -26 -410 -329
 
58539.00 -27 -413 -333
 
58565.00 -28 -417 -337
 
58593.00 -29 -421 -341
 
58619.00 -30 -426 -346
 
58647.00 -31 -431 -351
 
58674.00 -32 -437 -356
 
58700.00 -33 -443 -362
 
58728.00 -34 -449 -368
 
58755.00 -35 -456 -375
 
58782.00 -36 -462 -381
 
58809.00 -37 -470 -388
 
58835.00 -38 -477 -396
 
58863.00 -39 -485 -404
 
58890.00 -40 -493 -412
 
58917.00 -41 -502 -420
 
58944.00 -42 -511 -429
 
58971.00 -43 -520 -438
 
58998.00 -44 -530 -447
 
59025.00 -45 -539 -456
 
59053.00 -46 -549 -466
 
59079.00 -47 -560 -477
 
59106.00 -48 -570 -487
 
59133.00 -49 -581 -498
 
59160.00 -50 -592 -509
 
59188.00 -51 -604 -520
 
59214.00 -52 -615 -532
 
59241.00 -53 -627 -543
 
59269.00 -54 -640 -555
 
59295.00 -55 -652 -568
 
59323.00 -56 -665 -580
 
59350.00 -57 -678 -593
 
59377.00 -58 -691 -606
 
59404.00 -59 -705 -619
 
59430.00 -60 -718 -633
 
59458.00 -61 -732 -647
 
59485.00 -62 -746 -660
 
59512.00 -63 -761 -675
 
59539.00 -64 -775 -689
 
59566.00 -65 -790 -703
 
59593.00 -66 -805 -718
 
59620.00 -67 -820 -733
 
59648.00 -68 -836 -748
 
59674.00 -69 -851 -764
 
59701.00 -70 -867 -779
 
59728.00 -71 -883 -795
 
59755.00 -72 -899 -811
 
59783.00 -73 -916 -827
 
59809.00 -74 -932 -843
 
59836.00 -75 -949 -858
 
59864.00 -76 -966 -873
 
59890.00 -77 -982 -889
 
59918.00 -78 -999 -905
 
59944.00 -79 -1016 -923
 
59972.00 -80 -1034 -940
 
60001.00 -81 -1052 -958
 
60028.00 -82 -1070 -975
 
60057.00 -83 -1088 -993
 
60085.00 -84 -1106 -1011
 
60114.00 -85 -1126 -1029
 
60143.00 -86 -1145 -1048
 
60172.00 -87 -1164 -1067
 
60201.00 -88 -1184 -1086
 
60230.00 -89 -1204 -1105
 
60260.00 -90 -1223 -1125
 
60289.00 -91 -1244 -1144
 
60318.00 -92 -1264 -1164
 
60347.00 -93 -1284 -1183
 
60377.00 -94 -1304 -1203
 
60405.00 -95 -1324 -1223
 
60434.00 -96 -1345 -1242
 
60464.00 -97 -1366 -1263
 
60492.00 -98 -1387 -1283
 
60522.00 -99 -1408 -1304
 
60551.00 -100 -1430 -1325
 
60581.00 -99 -1450 -1346
 
60610.00 -98 -1472 -1367
 
60639.00 -97 -1493 -1388
 
60668.00 -96 -1514 -1408
 
60697.00 -95 -1535 -1429
 
60727.00 -94 -1556 -1449
 
60755.00 -93 -1577 -1469
 
60785.00 -92 -1598 -1490
 
60814.00 -91 -1618 -1510
 
60844.00 -90 -1639 -1530
 
60872.00 -89 -1660 -1549
 
60901.00 -88 -1680 -1569
 
60931.00 -87 -1701 -1589
 
60959.00 -86 -1721 -1609
 
60989.00 -85 -1741 -1628
 
61018.00 -84 -1761 -1648
 
61047.00 -83 -1781 -1667
 
61076.00 -82 -1801 -1687
 
61105.00 -81 -1821 -1706
 
61134.00 -80 -1841 -1725
 
61163.00 -79 -1861 -1744
 
61193.00 -78 -1880 -1763
 
61221.00 -77 -1899 -1782
 
61251.00 -76 -1919 -1801
 
61280.00 -75 -1938 -1820
 
61309.00 -74 -1958 -1839
 
61338.00 -73 -1977 -1857
 
61367.00 -72 -1996 -1876
 
61396.00 -71 -2015 -1894
 
61425.00 -70 -2034 -1913
 
61455.00 -69 -2052 -1931
 
61484.00 -68 -2071 -1949
 
61513.00 -67 -2089 -1967
 
61542.00 -66 -2108 -1984
 
61571.00 -65 -2126 -2002
 
61600.00 -64 -2144 -2019
 
61629.00 -63 -2161 -2036
 
61659.00 -62 -2179 -2053
 
61687.00 -61 -2196 -2070
 
61717.00 -60 -2213 -2086
 
61746.00 -59 -2230 -2103
 
61775.00 -58 -2247 -2119
 
61804.00 -57 -2263 -2135
 
61833.00 -56 -2279 -2150
 
61862.00 -55 -2295 -2166
 
61891.00 -54 -2311 -2181
 
61921.00 -53 -2327 -2197
 
61949.00 -52 -2342 -2212
 
61979.00 -51 -2358 -2226
 
62008.00 -50 -2373 -2241
 
62036.00 -49 -2388 -2255
 
62066.00 -48 -2402 -2270
 
62095.00 -47 -2417 -2284
 
62125.00 -46 -2431 -2298
 
62153.00 -45 -2445 -2312
 
62183.00 -44 -2459 -2325
 
62212.00 -43 -2472 -2339
 
62241.00 -42 -2486 -2352
 
62270.00 -41 -2499 -2364
 
62299.00 -40 -2512 -2377
 
62328.00 -39 -2525 -2390
 
62357.00 -38 -2538 -2402
 
62387.00 -37 -2550 -2414
 
62415.00 -36 -2562 -2426
 
62445.00 -35 -2573 -2437
 
62474.00 -34 -2585 -2448
 
62502.00 -33 -2596 -2459
 
62532.00 -32 -2607 -2470
 
62561.00 -31 -2617 -2480
 
62590.00 -30 -2627 -2490
 
62619.00 -29 -2637 -2500
 
62649.00 -28 -2647 -2509
 
62678.00 -27 -2656 -2518
 
62707.00 -26 -2665 -2527
 
62736.00 -25 -2673 -2535
 
62765.00 -24 -2681 -2543
 
62794.00 -23 -2689 -2550
 
62823.00 -22 -2696 -2557
 
62853.00 -21 -2703 -2563
 
62881.00 -20 -2709 -2570
 
62911.00 -19 -2715 -2575
 
62940.00 -18 -2721 -2581
 
62968.00 -17 -2726 -2586
 
62998.00 -16 -2730 -2590
 
63027.00 -15 -2735 -2594
 
63056.00 -14 -2738 -2598
 
63085.00 -13 -2742 -2601
 
63115.00 -12 -2745 -2604
 
63143.00 -11 -2747 -2606
 
63173.00 -10 -2749 -2608
 
63202.00 -9 -2750 -2609
 
63229.00 -8 -2751 -2610
 
63258.00 -7 -2752 -2610
 
63286.00 -6 -2752 -2610
 
63314.00 -5 -2752 -2610
 
63342.00 -4 -2752 -2610
 
63371.00 -3 -2752 -2610
 
63398.00 -2 -2752 -2610
 
63426.00 -1 -2752 -2610
 
63455.00 0 -2752 -2610
 
63481.00 1 -2752 -2610
 
63509.00 2 -2752 -2610
 
63536.00 3 -2752 -2610
 
63562.00 4 -2752 -2610
 
63590.00 5 -2752 -2610
 
63617.00 6 -2752 -2610
 
63644.00 7 -2752 -2610
 
63671.00 8 -2752 -2610
 
63697.00 9 -2752 -2610
 
63725.00 10 -2752 -2610
 
63753.00 11 -2752 -2610
 
63781.00 12 -2752 -2610
 
63809.00 13 -2752 -2610
 
63838.00 14 -2752 -2610
 
63865.00 15 -2752 -2610
 
63893.00 16 -2752 -2610
 
63922.00 17 -2752 -2610
 
63949.00 18 -2752 -2610
 
63978.00 19 -2752 -2610
 
64006.00 20 -2752 -2610
 
64033.00 21 -2751 -2609
 
64062.00 22 -2750 -2608
 
64090.00 23 -2748 -2606
 
64118.00 24 -2746 -2603
 
64146.00 25 -2743 -2600
 
64175.00 26 -2739 -2597
 
64202.00 27 -2736 -2593
 
64230.00 28 -2731 -2589
 
64259.00 29 -2727 -2584
 
64286.00 30 -2722 -2579
 
64315.00 31 -2716 -2573
 
64343.00 32 -2710 -2567
 
64371.00 33 -2704 -2561
 
64399.00 34 -2698 -2555
 
64427.00 35 -2691 -2548
 
64455.00 36 -2684 -2541
 
64483.00 37 -2676 -2534
 
64512.00 38 -2669 -2526
 
64539.00 39 -2660 -2518
 
64567.00 40 -2652 -2510
 
64595.00 41 -2643 -2501
 
64623.00 42 -2634 -2492
 
64652.00 43 -2625 -2483
 
64679.00 44 -2615 -2473
 
64708.00 45 -2605 -2463
 
64736.00 46 -2594 -2452
 
64763.00 47 -2584 -2442
 
64792.00 48 -2573 -2431
 
64820.00 49 -2561 -2419
 
64848.00 50 -2550 -2408
 
64876.00 51 -2538 -2396
 
64905.00 52 -2526 -2384
 
64932.00 53 -2513 -2371
 
64960.00 54 -2501 -2359
 
64989.00 55 -2488 -2346
 
65016.00 56 -2475 -2333
 
65045.00 57 -2461 -2320
 
65073.00 58 -2448 -2307
 
65101.00 59 -2434 -2293
 
65129.00 60 -2420 -2279
 
65157.00 61 -2405 -2265
 
65185.00 62 -2391 -2251
 
65213.00 63 -2376 -2236
 
65242.00 64 -2362 -2221
 
65269.00 65 -2346 -2206
 
65297.00 66 -2331 -2190
 
65326.00 67 -2316 -2175
 
65353.00 68 -2300 -2160
 
65382.00 69 -2284 -2144
 
65410.00 70 -2268 -2128
 
65438.00 71 -2251 -2112
 
65466.00 72 -2235 -2096
 
65494.00 73 -2218 -2080
 
65522.00 74 -2202 -2064
 
65550.00 75 -2185 -2047
 
65579.00 76 -2168 -2030
 
65606.00 77 -2150 -2013
 
65635.00 78 -2133 -1997
 
65662.00 79 -2116 -1980
 
65690.00 80 -2098 -1963
 
65719.00 81 -2081 -1945
 
65746.00 82 -2063 -1928
 
65775.00 83 -2045 -1910
 
65803.00 84 -2027 -1893
 
65830.00 85 -2009 -1875
 
65859.00 86 -1990 -1856
 
65887.00 87 -1972 -1838
 
65915.00 88 -1953 -1819
 
65943.00 89 -1934 -1801
 
65972.00 90 -1915 -1782
 
65999.00 91 -1896 -1763
 
66027.00 92 -1877 -1744
 
66056.00 93 -1858 -1725
 
66083.00 94 -1838 -1706
 
66112.00 95 -1819 -1687
 
66140.00 96 -1799 -1667
 
66168.00 97 -1780 -1648
 
66196.00 98 -1760 -1629
 
66224.00 99 -1740 -1609
 
66252.00 100 -1720 -1589
 
66281.00 99 -1699 -1569
 
66310.00 98 -1679 -1550
 
66337.00 97 -1659 -1530
 
66366.00 96 -1639 -1511
 
66394.00 95 -1619 -1491
 
66421.00 94 -1599 -1472
 
66450.00 93 -1579 -1453
 
66478.00 92 -1559 -1433
 
66506.00 91 -1540 -1414
 
66534.00 90 -1520 -1395
 
66562.00 89 -1501 -1376
 
66590.00 88 -1481 -1357
 
66618.00 87 -1461 -1337
 
66647.00 86 -1442 -1318
 
66674.00 85 -1422 -1299
 
66703.00 84 -1403 -1280
 
66731.00 83 -1384 -1261
 
66758.00 82 -1365 -1242
 
66787.00 81 -1346 -1223
 
66814.00 80 -1327 -1204
 
66843.00 79 -1308 -1186
 
66871.00 78 -1289 -1167
 
66899.00 77 -1270 -1149
 
66927.00 76 -1252 -1131
 
66955.00 75 -1233 -1113
 
66983.00 74 -1215 -1095
 
67011.00 73 -1197 -1077
 
67040.00 72 -1179 -1059
 
67067.00 71 -1161 -1042
 
67095.00 70 -1143 -1024
 
67124.00 69 -1125 -1007
 
67151.00 68 -1108 -990
 
67179.00 67 -1091 -974
 
67206.00 66 -1074 -958
 
67233.00 65 -1058 -942
 
67260.00 64 -1042 -926
 
67287.00 63 -1026 -910
 
67314.00 62 -1010 -895
 
67341.00 61 -994 -880
 
67367.00 60 -979 -865
 
67393.00 59 -964 -851
 
67419.00 58 -949 -836
 
67445.00 57 -935 -822
 
67471.00 56 -920 -808
 
67497.00 55 -906 -794
 
67523.00 54 -892 -780
 
67549.00 53 -877 -766
 
67575.00 52 -863 -752
 
67601.00 51 -849 -738
 
67627.00 50 -836 -724
 
67653.00 49 -822 -711
 
67679.00 48 -809 -698
 
67705.00 47 -796 -685
 
67731.00 46 -783 -672
 
67757.00 45 -770 -659
 
67783.00 44 -757 -647
 
67809.00 43 -745 -634
 
67835.00 42 -733 -622
 
67861.00 41 -721 -611
 
67887.00 40 -709 -599
 
67913.00 39 -697 -588
 
67939.00 38 -686 -577
 
67965.00 37 -675 -566
 
67991.00 36 -664 -556
 
68017.00 35 -654 -545
 
68043.00 34 -644 -535
 
68069.00 33 -634 -525
 
68094.00 32 -624 -516
 
68121.00 31 -615 -507
 
68147.00 30 -605 -498
 
68173.00 29 -597 -489
 
68199.00 28 -588 -481
 
68225.00 27 -579 -473
 
68251.00 26 -571 -465
 
68277.00 25 -564 -458
 
68303.00 24 -556 -450
 
68329.00 23 -549 -444
 
68355.00 22 -543 -437
 
68381.00 21 -536 -431
 
68407.00 20 -530 -426
 
68433.00 19 -525 -421
 
68459.00 18 -520 -416
 
68485.00 17 -515 -412
 
68511.00 16 -511 -408
 
68537.00 15 -507 -404
 
68563.00 14 -504 -401
 
68589.00 13 -501 -398
 
68615.00 12 -499 -395
 
68641.00 11 -497 -393
 
68667.00 10 -495 -392
 
68692.00 9 -494 -391
 
68718.00 8 -493 -390
 
68743.00 7 -493 -390
 
68768.00 6 -493 -390
 
68793.00 5 -493 -390
 
68817.00 4 -493 -390
 
68843.00 3 -493 -390
 
68868.00 2 -493 -390
 
68892.00 1 -493 -390
 
68918.00 0 -493 -390
 
68942.00 -1 -493 -390
 
68969.00 -2 -493 -390
 
68995.00 -3 -493 -390
 
69020.00 -4 -493 -390
 
69047.00 -5 -493 -390
 
69072.00 -6 -493 -390
 
69099.00 -7 -493 -390
 
69125.00 -8 -493 -390
 
69150.00 -9 -493 -390
 
69177.00 -10 -493 -390
 
69203.00 -11 -493 -390
 
69231.00 -12 -493 -390
 
69258.00 -13 -493 -390
 
69284.00 -14 -493 -390
 
69312.00 -15 -493 -390
 
69339.00 -16 -493 -390
 
69366.00 -17 -493 -390
 
69393.00 -18 -493 -390
 
69420.00 -19 -494 -390
 
69447.00 -20 -495 -391
 
69474.00 -21 -495 -391
 
69501.00 -22 -496 -391
 
69528.00 -23 -496 -392
 
69555.00 -24 -496 -394
 
69582.00 -25 -497 -397
 
69609.00 -26 -499 -399
 
69637.00 -27 -502 -402
 
69663.00 -28 -506 -406
 
69690.00 -29 -510 -410
 
69718.00 -30 -515 -414
 
69744.00 -31 -520 -418
 
69772.00 -32 -525 -424
 
69798.00 -33 -530 -429
 
69826.00 -34 -536 -435
 
69853.00 -35 -543 -442
 
69879.00 -36 -549 -448
 
69907.00 -37 -556 -456
 
69934.00 -38 -564 -463
 
69961.00 -39 -572 -471
 
69988.00 -40 -580 -479
 
70014.00 -41 -588 -487
 
70042.00 -42 -597 -496
 
70069.00 -43 -606 -505
 
70096.00 -44 -616 -515
 
70123.00 -45 -625 -525
 
70150.00 -46 -635 -534
 
70177.00 -47 -646 -545
 
70204.00 -48 -657 -555
 
70232.00 -49 -668 -566
 
70258.00 -50 -679 -577
 
70285.00 -51 -691 -589
 
70312.00 -52 -702 -600
 
70339.00 -53 -714 -612
 
70367.00 -54 -727 -624
 
70393.00 -55 -739 -637
 
70420.00 -56 -752 -649
 
70448.00 -57 -765 -662
 
70474.00 -58 -779 -676
 
70502.00 -59 -792 -689
 
70529.00 -60 -806 -703
 
70555.00 -61 -820 -716
 
70583.00 -62 -834 -731
 
70609.00 -63 -849 -745
 
70637.00 -64 -863 -759
 
70664.00 -65 -878 -774
 
70691.00 -66 -894 -789
 
70718.00 -67 -909 -804
 
70745.00 -68 -924 -819
 
70772.00 -69 -940 -835
 
70799.00 -70 -956 -850
 
70827.00 -71 -972 -866
 
70853.00 -72 -988 -881
 
70880.00 -73 -1005 -898
 
70908.00 -74 -1021 -915
 
70936.00 -75 -1039 -931
 
70965.00 -76 -1056 -948
 
70992.00 -77 -1073 -965
 
71020.00 -78 -1091 -982
 
71049.00 -79 -1108 -999
 
71076.00 -80 -1126 -1016
 
71106.00 -81 -1145 -1035
 
71135.00 -82 -1164 -1053
 
71164.00 -83 -1182 -1071
 
71193.00 -84 -1202 -1090
 
71222.00 -85 -1221 -1109
 
71251.00 -86 -1240 -1128
 
71280.00 -87 -1260 -1147
 
71310.00 -88 -1280 -1166
 
71339.00 -89 -1299 -1185
 
71368.00 -90 -1319 -1205
 
71397.00 -91 -1339 -1224
 
71427.00 -92 -1360 -1244
 
71455.00 -93 -1380 -1264
 
71484.00 -94 -1400 -1284
 
71514.00 -95 -1421 -1304
 
71542.00 -96 -1442 -1324
 
71572.00 -97 -1462 -1344
 
71601.00 -98 -1483 -1365
 
71630.00 -99 -1504 -1385
 
71659.00 -100 -1526 -1407
 
71690.00 -99 -1547 -1427
 
71718.00 -98 -1568 -1447
 
71747.00 -97 -1589 -1468
 
71777.00 -96 -1610 -1488
 
71805.00 -95 -1631 -1509
 
71835.00 -94 -1652 -1529
 
71864.00 -93 -1673 -1549
 
71894.00 -92 -1694 -1569
 
71922.00 -91 -1714 -1589
 
71951.00 -90 -1735 -1609
 
71981.00 -89 -1755 -1629
 
72009.00 -88 -1775 -1649
 
72039.00 -87 -1796 -1669
 
72068.00 -86 -1816 -1689
 
72097.00 -85 -1837 -1708
 
72126.00 -84 -1857 -1728
 
72155.00 -83 -1877 -1747
 
72184.00 -82 -1897 -1767
 
72213.00 -81 -1917 -1786
 
72243.00 -80 -1937 -1806
 
72271.00 -79 -1957 -1825
 
72301.00 -78 -1977 -1844
 
72330.00 -77 -1996 -1863
 
72359.00 -76 -2016 -1882
 
72388.00 -75 -2035 -1901
 
72417.00 -74 -2054 -1920
 
72446.00 -73 -2073 -1939
 
72475.00 -72 -2092 -1957
 
72505.00 -71 -2111 -1975
 
72534.00 -70 -2130 -1994
 
72563.00 -69 -2149 -2012
 
72592.00 -68 -2167 -2029
 
72622.00 -67 -2186 -2047
 
72650.00 -66 -2204 -2064
 
72679.00 -65 -2221 -2081
 
72709.00 -64 -2239 -2099
 
72737.00 -63 -2257 -2115
 
72767.00 -62 -2274 -2132
 
72796.00 -61 -2291 -2149
 
72825.00 -60 -2308 -2165
 
72854.00 -59 -2325 -2182
 
72883.00 -58 -2341 -2198
 
72912.00 -57 -2358 -2214
 
72941.00 -56 -2375 -2230
 
72971.00 -55 -2391 -2246
 
72999.00 -54 -2407 -2262
 
73029.00 -53 -2423 -2277
 
73058.00 -52 -2439 -2293
 
73086.00 -51 -2454 -2308
 
73116.00 -50 -2469 -2323
 
73145.00 -49 -2485 -2337
 
73175.00 -48 -2500 -2352
 
73203.00 -47 -2515 -2366
 
73233.00 -46 -2529 -2380
 
73262.00 -45 -2544 -2395
 
73291.00 -44 -2558 -2408
 
73320.00 -43 -2572 -2422
 
73349.00 -42 -2586 -2436
 
73378.00 -41 -2599 -2449
 
73407.00 -40 -2612 -2462
 
73437.00 -39 -2625 -2475
 
73465.00 -38 -2638 -2487
 
73495.00 -37 -2650 -2499
 
73524.00 -36 -2662 -2511
 
73553.00 -35 -2674 -2522
 
73582.00 -34 -2686 -2533
 
73611.00 -33 -2697 -2544
 
73640.00 -32 -2707 -2554
 
73669.00 -31 -2718 -2564
 
73699.00 -30 -2728 -2574
 
73728.00 -29 -2738 -2583
 
73757.00 -28 -2747 -2592
 
73786.00 -27 -2756 -2601
 
73815.00 -26 -2765 -2609
 
73844.00 -25 -2773 -2618
 
73873.00 -24 -2781 -2625
 
73903.00 -23 -2788 -2632
 
73931.00 -22 -2795 -2639
 
73961.00 -21 -2802 -2645
 
73990.00 -20 -2808 -2651
 
74019.00 -19 -2814 -2656
 
74048.00 -18 -2819 -2661
 
74077.00 -17 -2824 -2666
 
74106.00 -16 -2828 -2671
 
74135.00 -15 -2832 -2674
 
74165.00 -14 -2836 -2678
 
74193.00 -13 -2839 -2681
 
74223.00 -12 -2841 -2684
 
74252.00 -11 -2844 -2686
 
74280.00 -10 -2846 -2688
 
74310.00 -9 -2847 -2689
 
74338.00 -8 -2848 -2690
 
74366.00 -7 -2848 -2690
 
74394.00 -6 -2848 -2690
 
74423.00 -5 -2848 -2690
 
74450.00 -4 -2848 -2690
 
74478.00 -3 -2848 -2690
 
74507.00 -2 -2848 -2690
 
74534.00 -1 -2848 -2690
 
74563.00 0 -2848 -2690
 
74590.00 1 -2848 -2690
 
74616.00 2 -2848 -2690
 
74644.00 3 -2848 -2690
 
74671.00 4 -2848 -2690
 
74698.00 5 -2848 -2690
 
74725.00 6 -2848 -2690
 
74753.00 7 -2848 -2690
 
74779.00 8 -2848 -2690
 
74806.00 9 -2848 -2690
 
74833.00 10 -2848 -2690
 
74861.00 11 -2848 -2690
 
74890.00 12 -2848 -2690
 
74917.00 13 -2848 -2690
 
74945.00 14 -2848 -2690
 
74974.00 15 -2848 -2690
 
75001.00 16 -2848 -2690
 
75030.00 17 -2848 -2689
 
75058.00 18 -2848 -2689
 
75086.00 19 -2848 -2689
 
75114.00 20 -2848 -2688
 
75142.00 21 -2848 -2686
 
75170.00 22 -2847 -2684
 
75198.00 23 -2845 -2682
 
75227.00 24 -2842 -2680
 
75254.00 25 -2838 -2677
 
75282.00 26 -2834 -2674
 
75311.00 27 -2830 -2670
 
75338.00 28 -2826 -2666
 
75367.00 29 -2821 -2662
 
75395.00 30 -2816 -2657
 
75423.00 31 -2811 -2651
 
75451.00 32 -2805 -2645
 
75479.00 33 -2799 -2639
 
75507.00 34 -2793 -2633
 
75535.00 35 -2786 -2626
 
75564.00 36 -2779 -2619
 
75591.00 37 -2771 -2612
 
75620.00 38 -2764 -2604
 
75648.00 39 -2755 -2596
 
75675.00 40 -2747 -2588
 
75704.00 41 -2738 -2579
 
75731.00 42 -2730 -2570
 
75760.00 43 -2720 -2561
 
75788.00 44 -2710 -2551
 
75816.00 45 -2701 -2542
 
75844.00 46 -2690 -2532
 
75872.00 47 -2680 -2522
 
75900.00 48 -2669 -2511
 
75928.00 49 -2658 -2501
 
75957.00 50 -2646 -2489
 
75984.00 51 -2635 -2478
 
76012.00 52 -2623 -2466
 
76041.00 53 -2611 -2454
 
76068.00 54 -2598 -2441
 
76097.00 55 -2585 -2428
 
76125.00 56 -2572 -2415
 
76153.00 57 -2559 -2402
 
76181.00 58 -2545 -2388
 
76209.00 59 -2531 -2374
 
76237.00 60 -2517 -2360
 
76265.00 61 -2503 -2346
 
76294.00 62 -2488 -2332
 
76321.00 63 -2473 -2317
 
76350.00 64 -2458 -2302
 
76378.00 65 -2443 -2288
 
76405.00 66 -2428 -2273
 
76434.00 67 -2412 -2257
 
76462.00 68 -2396 -2242
 
76490.00 69 -2380 -2226
 
76518.00 70 -2364 -2210
 
76546.00 71 -2348 -2194
 
76574.00 72 -2332 -2178
 
76602.00 73 -2315 -2162
 
76631.00 74 -2299 -2145
 
76658.00 75 -2282 -2129
 
76687.00 76 -2265 -2112
 
76715.00 77 -2248 -2096
 
76742.00 78 -2230 -2079
 
76771.00 79 -2213 -2062
 
76798.00 80 -2195 -2045
 
76827.00 81 -2178 -2028
 
76855.00 82 -2160 -2010
 
76883.00 83 -2142 -1993
 
76911.00 84 -2124 -1975
 
76939.00 85 -2106 -1957
 
76967.00 86 -2088 -1940
 
76995.00 87 -2069 -1922
 
77024.00 88 -2051 -1903
 
77051.00 89 -2032 -1885
 
77079.00 90 -2013 -1866
 
77108.00 91 -1994 -1847
 
77135.00 92 -1975 -1828
 
77164.00 93 -1956 -1809
 
77192.00 94 -1936 -1790
 
77220.00 95 -1917 -1770
 
77248.00 96 -1897 -1751
 
77276.00 97 -1877 -1732
 
77304.00 98 -1857 -1712
 
77332.00 99 -1837 -1693
 
77361.00 100 -1817 -1672
 
77389.00 99 -1797 -1652
 
77418.00 98 -1777 -1633
 
77446.00 97 -1757 -1613
 
77473.00 96 -1737 -1593
 
77502.00 95 -1716 -1574
 
77530.00 94 -1696 -1554
 
77558.00 93 -1676 -1534
 
77586.00 92 -1657 -1515
 
77615.00 91 -1637 -1496
 
77642.00 90 -1617 -1477
 
77670.00 89 -1597 -1457
 
77699.00 88 -1578 -1438
 
77726.00 87 -1558 -1419
 
77755.00 86 -1539 -1401
 
77783.00 85 -1520 -1382
 
77810.00 84 -1500 -1363
 
77839.00 83 -1481 -1344
 
77867.00 82 -1462 -1325
 
77895.00 81 -1443 -1307
 
77923.00 80 -1424 -1288
 
77952.00 79 -1405 -1269
 
77979.00 78 -1386 -1251
 
78007.00 77 -1368 -1232
 
78035.00 76 -1349 -1214
 
78063.00 75 -1330 -1195
 
78092.00 74 -1312 -1177
 
78119.00 73 -1294 -1159
 
78148.00 72 -1275 -1141
 
78176.00 71 -1257 -1124
 
78203.00 70 -1239 -1106
 
78232.00 69 -1222 -1088
 
78260.00 68 -1204 -1071
 
78288.00 67 -1187 -1054
 
78316.00 66 -1169 -1037
 
78344.00 65 -1152 -1020
 
78372.00 64 -1135 -1003
 
78400.00 63 -1118 -987
 
78428.00 62 -1102 -971
 
78454.00 61 -1086 -956
 
78482.00 60 -1070 -940
 
78509.00 59 -1054 -925
 
78535.00 58 -1039 -910
 
78563.00 57 -1024 -895
 
78589.00 56 -1008 -880
 
78617.00 55 -993 -866
 
78643.00 54 -979 -852
 
78668.00 53 -965 -838
 
78695.00 52 -951 -825
 
78721.00 51 -937 -811
 
78747.00 50 -924 -798
 
78773.00 49 -910 -784
 
78798.00 48 -897 -771
 
78825.00 47 -883 -758
 
78851.00 46 -870 -745
 
78876.00 45 -857 -732
 
78903.00 44 -845 -720
 
78928.00 43 -832 -707
 
78955.00 42 -820 -695
 
78981.00 41 -808 -683
 
79006.00 40 -796 -671
 
79033.00 39 -784 -659
 
79058.00 38 -773 -648
 
79085.00 37 -761 -637
 
79111.00 36 -750 -626
 
79136.00 35 -739 -615
 
79163.00 34 -729 -605
 
79188.00 33 -719 -595
 
79215.00 32 -709 -585
 
79241.00 31 -699 -576
 
79266.00 30 -690 -566
 
79293.00 29 -681 -557
 
79319.00 28 -672 -549
 
79345.00 27 -663 -540
 
79371.00 26 -655 -533
 
79396.00 25 -647 -525
 
79423.00 24 -640 -518
 
79449.00 23 -633 -511
 
79474.00 22 -626 -504
 
79501.00 21 -619 -498
 
79526.00 20 -613 -492
 
79553.00 19 -608 -486
 
79579.00 18 -602 -481
 
79604.00 17 -597 -476
 
79631.00 16 -593 -472
 
79656.00 15 -589 -468
 
79683.00 14 -585 -464
 
79709.00 13 -582 -461
 
79734.00 12 -579 -458
 
79761.00 11 -576 -455
 
79787.00 10 -574 -453
 
79813.00 9 -573 -452
 
79838.00 8 -572 -451
 
79862.00 7 -571 -450
 
79888.00 6 -571 -450
 
79912.00 5 -571 -450
 
79937.00 4 -571 -450
 
79963.00 3 -571 -450
 
79987.00 2 -571 -450
 
80013.00 1 -571 -450
 
80037.00 0 -571 -450
 
80062.00 -1 -571 -450
 
80089.00 -2 -571 -450
 
80114.00 -3 -571 -450
 
80140.00 -4 -571 -450
 
80166.00 -5 -571 -450
 
80192.00 -6 -571 -450
 
80219.00 -7 -571 -450
 
80244.00 -8 -571 -450
 
80270.00 -9 -571 -450
 
80296.00 -10 -571 -450
 
80323.00 -11 -571 -450
 
80351.00 -12 -571 -450
 
80377.00 -13 -571 -450
 
80404.00 -14 -571 -450
 
80432.00 -15 -571 -450
 
80458.00 -16 -571 -450
 
80486.00 -17 -571 -451
 
80513.00 -18 -571 -451
 
80539.00 -19 -571 -451
 
80567.00 -20 -571 -451
 
80593.00 -21 -571 -451
 
80621.00 -22 -572 -453
 
80648.00 -23 -573 -455
 
80675.00 -24 -575 -458
 
80702.00 -25 -578 -461
 
80729.00 -26 -581 -464
 
80756.00 -27 -585 -468
 
80783.00 -28 -589 -472
 
80811.00 -29 -593 -476
 
80837.00 -30 -598 -481
 
80864.00 -31 -603 -487
 
80891.00 -32 -608 -492
 
80918.00 -33 -614 -498
 
80946.00 -34 -621 -504
 
80972.00 -35 -627 -511
 
80999.00 -36 -634 -518
 
81027.00 -37 -642 -525
 
81053.00 -38 -649 -532
 
81081.00 -39 -657 -540
 
81107.00 -40 -665 -548
 
81134.00 -41 -674 -557
 
81162.00 -42 -683 -566
 
81188.00 -43 -692 -575
 
81216.00 -44 -701 -584
 
81243.00 -45 -711 -594
 
81269.00 -46 -721 -604
 
81297.00 -47 -732 -614
 
81324.00 -48 -742 -625
 
81351.00 -49 -753 -635
 
81378.00 -50 -764 -646
 
81404.00 -51 -776 -658
 
81432.00 -52 -788 -669
 
81459.00 -53 -800 -681
 
81486.00 -54 -812 -693
 
81513.00 -55 -825 -706
 
81541.00 -56 -837 -719
 
81567.00 -57 -850 -732
 
81594.00 -58 -864 -745
 
81622.00 -59 -877 -758
 
81648.00 -60 -891 -772
 
81676.00 -61 -905 -786
 
81702.00 -62 -920 -800
 
81729.00 -63 -934 -814
 
81757.00 -64 -949 -828
 
81783.00 -65 -963 -843
 
81811.00 -66 -978 -858
 
81838.00 -67 -994 -873
 
81864.00 -68 -1009 -888
 
81893.00 -69 -1025 -904
 
81921.00 -70 -1041 -919
 
81949.00 -71 -1058 -935
 
81977.00 -72 -1075 -952
 
82004.00 -73 -1091 -968
 
82033.00 -74 -1108 -984
 
82061.00 -75 -1125 -1001
 
82091.00 -76 -1143 -1018
 
82119.00 -77 -1161 -1036
 
82149.00 -78 -1179 -1054
 
82178.00 -79 -1197 -1071
 
82207.00 -80 -1215 -1090
 
82236.00 -81 -1234 -1108
 
82265.00 -82 -1253 -1126
 
82294.00 -83 -1272 -1144
 
82323.00 -84 -1291 -1163
 
82353.00 -85 -1310 -1182
 
82381.00 -86 -1329 -1201
 
82411.00 -87 -1349 -1220
 
82440.00 -88 -1369 -1239
 
82468.00 -89 -1388 -1258
 
82498.00 -90 -1408 -1278
 
82527.00 -91 -1428 -1298
 
82556.00 -92 -1449 -1317
 
82585.00 -93 -1469 -1337
 
82615.00 -94 -1489 -1357
 
82643.00 -95 -1510 -1377
 
82673.00 -96 -1530 -1398
 
82702.00 -97 -1551 -1418
 
82731.00 -98 -1572 -1438
 
82760.00 -99 -1593 -1458
 
82789.00 -100 -1614 -1479
 
82820.00 -99 -1635 -1499
 
82848.00 -98 -1656 -1520
 
82878.00 -97 -1677 -1540
 
82907.00 -96 -1698 -1560
 
82935.00 -95 -1719 -1581
 
82965.00 -94 -1740 -1601
 
82994.00 -93 -1761 -1621
 
83023.00 -92 -1781 -1641
 
83052.00 -91 -1802 -1661
 
83082.00 -90 -1823 -1681
 
83110.00 -89 -1843 -1701
 
83140.00 -88 -1864 -1721
 
83169.00 -87 -1884 -1741
 
83197.00 -86 -1905 -1761
 
83227.00 -85 -1925 -1780
 
83256.00 -84 -1945 -1800
 
83286.00 -83 -1965 -1820
 
83314.00 -82 -1986 -1840
 
83344.00 -81 -2006 -1859
 
83373.00 -80 -2026 -1878
 
83401.00 -79 -2045 -1898
 
83431.00 -78 -2065 -1917
 
83460.00 -77 -2085 -1936
 
83489.00 -76 -2105 -1955
 
83518.00 -75 -2124 -1974
 
83548.00 -74 -2143 -1993
 
83576.00 -73 -2162 -2011
 
83606.00 -72 -2181 -2029
 
83635.00 -71 -2200 -2048
 
83663.00 -70 -2219 -2066
 
83693.00 -69 -2237 -2083
 
83722.00 -68 -2256 -2101
 
83751.00 -67 -2274 -2119
 
83780.00 -66 -2291 -2136
 
83810.00 -65 -2309 -2153
 
83838.00 -64 -2327 -2171
 
83867.00 -63 -2344 -2188
 
83897.00 -62 -2362 -2205
 
83926.00 -61 -2379 -2221
 
83955.00 -60 -2396 -2238
 
83984.00 -59 -2413 -2254
 
84014.00 -58 -2429 -2270
 
84042.00 -57 -2446 -2286
 
84072.00 -56 -2462 -2302
 
84101.00 -55 -2478 -2318
 
84129.00 -54 -2494 -2333
 
84159.00 -53 -2510 -2349
 
84188.00 -52 -2526 -2364
 
84217.00 -51 -2541 -2379
 
84246.00 -50 -2556 -2394
 
84276.00 -49 -2571 -2408
 
84304.00 -48 -2586 -2423
 
84333.00 -47 -2601 -2437
 
84363.00 -46 -2615 -2452
 
84391.00 -45 -2630 -2466
 
84421.00 -44 -2644 -2479
 
84450.00 -43 -2657 -2493
 
84480.00 -42 -2671 -2506
 
84508.00 -41 -2684 -2519
 
84538.00 -40 -2697 -2532
 
84567.00 -39 -2710 -2544
 
84595.00 -38 -2723 -2556
 
84625.00 -37 -2735 -2568
 
84654.00 -36 -2747 -2579
 
84683.00 -35 -2759 -2590
 
84712.00 -34 -2770 -2601
 
84742.00 -33 -2781 -2612
 
84770.00 -32 -2791 -2623
 
84799.00 -31 -2802 -2633
 
84829.00 -30 -2812 -2642
 
84857.00 -29 -2821 -2652
 
84887.00 -28 -2830 -2661
 
84916.00 -27 -2839 -2669
 
84945.00 -26 -2848 -2678
 
84974.00 -25 -2856 -2686
 
85004.00 -24 -2864 -2693
 
85032.00 -23 -2872 -2700
 
85061.00 -22 -2879 -2707
 
85091.00 -21 -2886 -2714
 
85120.00 -20 -2892 -2720
 
85149.00 -19 -2898 -2726
 
85178.00 -18 -2903 -2731
 
85208.00 -17 -2908 -2736
 
85236.00 -16 -2913 -2741
 
85265.00 -15 -2917 -2745
 
85295.00 -14 -2921 -2748
 
85323.00 -13 -2925 -2752
 
85353.00 -12 -2928 -2754
 
85382.00 -11 -2930 -2756
 
85411.00 -10 -2932 -2758
 
85440.00 -9 -2933 -2760
 
85469.00 -8 -2934 -2761
 
85496.00 -7 -2935 -2762
 
85524.00 -6 -2935 -2762
 
85553.00 -5 -2935 -2762
 
85580.00 -4 -2935 -2762
 
85609.00 -3 -2935 -2762
 
85637.00 -2 -2935 -2762
 
85664.00 -1 -2935 -2762
 
85693.00 0 -2935 -2762
 
85720.00 1 -2935 -2762
 
85747.00 2 -2934 -2762
 
85774.00 3 -2934 -2762
 
85801.00 4 -2934 -2762
 
85828.00 5 -2934 -2762
 
85855.00 6 -2934 -2762
 
85882.00 7 -2934 -2762
 
85909.00 8 -2934 -2762
 
85937.00 9 -2934 -2762
 
85963.00 10 -2934 -2762
 
85991.00 11 -2934 -2762
 
86020.00 12 -2934 -2762
 
86047.00 13 -2934 -2762
 
86076.00 14 -2934 -2762
 
86104.00 15 -2934 -2762
 
86131.00 16 -2934 -2761
 
86160.00 17 -2934 -2761
 
86188.00 18 -2934 -2761
 
86216.00 19 -2934 -2761
 
86244.00 20 -2934 -2759
 
86273.00 21 -2934 -2758
 
86300.00 22 -2933 -2756
 
86328.00 23 -2931 -2754
 
86356.00 24 -2928 -2752
 
86384.00 25 -2924 -2749
 
86413.00 26 -2920 -2745
 
86440.00 27 -2916 -2742
 
86469.00 28 -2912 -2737
 
86497.00 29 -2907 -2732
 
86524.00 30 -2902 -2727
 
86553.00 31 -2897 -2721
 
86581.00 32 -2891 -2715
 
86609.00 33 -2884 -2709
 
86637.00 34 -2878 -2702
 
86666.00 35 -2871 -2695
 
86693.00 36 -2864 -2688
 
86721.00 37 -2856 -2680
 
86750.00 38 -2848 -2672
 
86777.00 39 -2840 -2664
 
86806.00 40 -2831 -2656
 
86834.00 41 -2822 -2647
 
86861.00 42 -2812 -2638
 
86890.00 43 -2803 -2629
 
86918.00 44 -2793 -2619
 
86946.00 45 -2783 -2609
 
86974.00 46 -2773 -2598
 
87003.00 47 -2762 -2588
 
87030.00 48 -2751 -2577
 
87058.00 49 -2740 -2566
 
87087.00 50 -2728 -2555
 
87114.00 51 -2716 -2543
 
87143.00 52 -2704 -2531
 
87171.00 53 -2691 -2519
 
87199.00 54 -2679 -2506
 
87227.00 55 -2666 -2493
 
87255.00 56 -2652 -2480
 
87283.00 57 -2639 -2467
 
87311.00 58 -2625 -2453
 
87340.00 59 -2611 -2439
 
87367.00 60 -2597 -2425
 
87395.00 61 -2582 -2410
 
87424.00 62 -2568 -2396
 
87451.00 63 -2553 -2381
 
87480.00 64 -2538 -2366
 
87507.00 65 -2522 -2350
 
87536.00 66 -2507 -2335
 
87564.00 67 -2491 -2319
 
87591.00 68 -2475 -2303
 
87620.00 69 -2459 -2288
 
87648.00 70 -2442 -2271
 
87676.00 71 -2426 -2255
 
87704.00 72 -2409 -2239
 
87733.00 73 -2392 -2222
 
87760.00 74 -2375 -2205
 
87788.00 75 -2358 -2189
 
87817.00 76 -2341 -2172
 
87844.00 77 -2323 -2154
 
87873.00 78 -2306 -2137
 
87901.00 79 -2288 -2120
 
87928.00 80 -2270 -2103
 
87957.00 81 -2253 -2085
 
87985.00 82 -2235 -2068
 
88013.00 83 -2217 -2050
 
88041.00 84 -2198 -2032
 
88070.00 85 -2180 -2014
 
88097.00 86 -2161 -1996
 
88125.00 87 -2143 -1978
 
88154.00 88 -2124 -1960
 
88181.00 89 -2105 -1942
 
88210.00 90 -2086 -1923
 
88238.00 91 -2067 -1904
 
88266.00 92 -2048 -1885
 
88294.00 93 -2029 -1866
 
88322.00 94 -2009 -1847
 
88350.00 95 -1990 -1827
 
88378.00 96 -1970 -1808
 
88407.00 97 -1950 -1788
 
88434.00 98 -1930 -1768
 
88462.00 99 -1911 -1749
 
88491.00 100 -1890 -1728
 
88519.00 99 -1869 -1708
 
88548.00 98 -1849 -1688
 
88576.00 97 -1829 -1669
 
88604.00 96 -1809 -1649
 
88632.00 95 -1789 -1629
 
88659.00 94 -1769 -1609
 
88688.00 93 -1749 -1589
 
88716.00 92 -1729 -1570
 
88744.00 91 -1709 -1550
 
88772.00 90 -1689 -1531
 
88801.00 89 -1669 -1512
 
88828.00 88 -1650 -1493
 
88856.00 87 -1630 -1473
 
88885.00 86 -1610 -1454
 
88912.00 85 -1591 -1435
 
88941.00 84 -1572 -1416
 
88969.00 83 -1552 -1398
 
88997.00 82 -1533 -1380
 
89025.00 81 -1514 -1361
 
89053.00 80 -1495 -1342
 
89081.00 79 -1476 -1324
 
89109.00 78 -1458 -1305
 
89138.00 77 -1439 -1286
 
89165.00 76 -1420 -1268
 
89193.00 75 -1402 -1250
 
89222.00 74 -1383 -1232
 
89249.00 73 -1365 -1213
 
89278.00 72 -1347 -1195
 
89306.00 71 -1329 -1178
 
89334.00 70 -1311 -1160
 
89362.00 69 -1293 -1142
 
89390.00 68 -1275 -1125
 
89418.00 67 -1257 -1108
 
89446.00 66 -1240 -1091
 
89475.00 65 -1223 -1074
 
89502.00 64 -1206 -1057
 
89531.00 63 -1189 -1041
 
89559.00 62 -1172 -1024
 
89586.00 61 -1155 -1007
 
89615.00 60 -1138 -991
 
89641.00 59 -1123 -976
 
89669.00 58 -1107 -961
 
89696.00 57 -1092 -946
 
89722.00 56 -1077 -931
 
89750.00 55 -1062 -917
 
89777.00 54 -1047 -902
 
89804.00 53 -1033 -888
 
89831.00 52 -1018 -874
 
89858.00 51 -1004 -860
 
89885.00 50 -990 -847
 
89911.00 49 -977 -834
 
89937.00 48 -964 -821
 
89963.00 47 -951 -809
 
89989.00 46 -938 -796
 
90015.00 45 -925 -783
 
90041.00 44 -913 -771
 
90067.00 43 -900 -759
 
90093.00 42 -888 -747
 
90119.00 41 -876 -735
 
90145.00 40 -865 -723
 
90171.00 39 -853 -712
 
90198.00 38 -842 -701
 
90223.00 37 -831 -690
 
90249.00 36 -820 -679
 
90275.00 35 -809 -668
 
90301.00 34 -799 -658
 
90328.00 33 -789 -648
 
90353.00 32 -779 -638
 
90379.00 31 -769 -629
 
90405.00 30 -760 -619
 
90431.00 29 -750 -611
 
90457.00 28 -742 -602
 
90483.00 27 -733 -594
 
90509.00 26 -725 -586
 
90535.00 25 -717 -578
 
90561.00 24 -709 -571
 
90587.00 23 -702 -564
 
90613.00 22 -695 -557
 
90639.00 21 -689 -550
 
90665.00 20 -683 -544
 
90691.00 19 -677 -539
 
90717.00 18 -672 -534
 
90743.00 17 -667 -529
 
90769.00 16 -662 -525
 
90796.00 15 -658 -521
 
90821.00 14 -654 -517
 
90847.00 13 -651 -514
 
90873.00 12 -648 -511
 
90899.00 11 -645 -508
 
90926.00 10 -643 -506
 
90951.00 9 -642 -505
 
90976.00 8 -641 -504
 
91001.00 7 -640 -503
 
91026.00 6 -640 -503
 
91051.00 5 -640 -503
 
91076.00 4 -640 -503
 
91101.00 3 -640 -503
 
91126.00 2 -640 -503
 
91151.00 1 -640 -503
 
91175.00 0 -640 -503
 
91201.00 -1 -640 -503
 
91227.00 -2 -640 -503
 
91252.00 -3 -640 -503
 
91279.00 -4 -640 -503
 
91304.00 -5 -640 -503
 
91331.00 -6 -640 -503
 
91357.00 -7 -640 -503
 
91382.00 -8 -640 -503
 
91409.00 -9 -640 -503
 
91435.00 -10 -640 -503
 
91462.00 -11 -640 -503
 
91489.00 -12 -640 -503
 
91515.00 -13 -640 -503
 
91543.00 -14 -640 -503
 
91570.00 -15 -640 -503
 
91597.00 -16 -640 -503
 
91624.00 -17 -640 -503
 
91651.00 -18 -640 -504
 
91678.00 -19 -640 -505
 
91705.00 -20 -640 -506
 
91732.00 -21 -640 -507
 
91759.00 -22 -641 -509
 
91786.00 -23 -642 -511
 
91813.00 -24 -645 -513
 
91840.00 -25 -648 -516
 
91868.00 -26 -651 -519
 
91894.00 -27 -655 -522
 
91921.00 -28 -659 -526
 
91949.00 -29 -664 -531
 
91975.00 -30 -668 -536
 
92003.00 -31 -674 -541
 
92029.00 -32 -679 -547
 
92057.00 -33 -685 -552
 
92084.00 -34 -691 -558
 
92110.00 -35 -698 -565
 
92138.00 -36 -705 -572
 
92165.00 -37 -712 -580
 
92192.00 -38 -720 -587
 
92219.00 -39 -727 -595
 
92246.00 -40 -736 -603
 
92273.00 -41 -744 -612
 
92300.00 -42 -753 -620
 
92327.00 -43 -762 -629
 
92354.00 -44 -772 -639
 
92381.00 -45 -782 -649
 
92408.00 -46 -792 -659
 
92435.00 -47 -802 -669
 
92463.00 -48 -813 -680
 
92489.00 -49 -824 -691
 
92516.00 -50 -835 -702
 
92544.00 -51 -847 -714
 
92570.00 -52 -859 -725
 
92598.00 -53 -871 -737
 
92624.00 -54 -883 -750
 
92651.00 -55 -896 -762
 
92679.00 -56 -909 -775
 
92705.00 -57 -922 -788
 
92733.00 -58 -936 -801
 
92760.00 -59 -949 -814
 
92786.00 -60 -963 -828
 
92814.00 -61 -977 -842
 
92840.00 -62 -991 -856
 
92868.00 -63 -1006 -870
 
92896.00 -64 -1021 -885
 
92924.00 -65 -1036 -900
 
92952.00 -66 -1052 -915
 
92980.00 -67 -1067 -930
 
93008.00 -68 -1083 -946
 
93036.00 -69 -1099 -961
 
93065.00 -70 -1115 -977
 
93092.00 -71 -1132 -993
 
93120.00 -72 -1148 -1009
 
93150.00 -73 -1166 -1026
 
93178.00 -74 -1183 -1043
 
93208.00 -75 -1201 -1060
 
93237.00 -76 -1218 -1078
 
93266.00 -77 -1236 -1095
 
93295.00 -78 -1255 -1113
 
93325.00 -79 -1273 -1131
 
93353.00 -80 -1291 -1149
 
93382.00 -81 -1310 -1167
 
93412.00 -82 -1329 -1185
 
93441.00 -83 -1348 -1204
 
93470.00 -84 -1367 -1223
 
93499.00 -85 -1386 -1242
 
93529.00 -86 -1406 -1261
 
93557.00 -87 -1425 -1280
 
93586.00 -88 -1445 -1299
 
93616.00 -89 -1465 -1319
 
93644.00 -90 -1485 -1338
 
93674.00 -91 -1505 -1358
 
93703.00 -92 -1526 -1378
 
93732.00 -93 -1546 -1398
 
93761.00 -94 -1567 -1418
 
93791.00 -95 -1587 -1438
 
93819.00 -96 -1608 -1458
 
93848.00 -97 -1628 -1478
 
93878.00 -98 -1649 -1498
 
93906.00 -99 -1670 -1518
 
93936.00 -100 -1692 -1539
 
93966.00 -99 -1712 -1559
 
93996.00 -98 -1733 -1580
 
94024.00 -97 -1754 -1600
 
94054.00 -96 -1775 -1620
 
94083.00 -95 -1796 -1641
 
94111.00 -94 -1817 -1661
 
94141.00 -93 -1837 -1681
 
94170.00 -92 -1858 -1701
 
94199.00 -91 -1879 -1721
 
94228.00 -90 -1899 -1742
 
94258.00 -89 -1920 -1762
 
94286.00 -88 -1941 -1782
 
94315.00 -87 -1961 -1802
 
94345.00 -86 -1982 -1822
 
94373.00 -85 -2002 -1841
 
94403.00 -84 -2022 -1861
 
94432.00 -83 -2043 -1881
 
94461.00 -82 -2063 -1900
 
94490.00 -81 -2083 -1920
 
94519.00 -80 -2103 -1940
 
94548.00 -79 -2123 -1959
 
94577.00 -78 -2142 -1978
 
94607.00 -77 -2162 -1997
 
94636.00 -76 -2181 -2015
 
94665.00 -75 -2201 -2034
 
94694.00 -74 -2220 -2052
 
94724.00 -73 -2239 -2071
 
94752.00 -72 -2258 -2089
 
94781.00 -71 -2276 -2107
 
94811.00 -70 -2295 -2125
 
94839.00 -69 -2313 -2143
 
94869.00 -68 -2331 -2161
 
94898.00 -67 -2350 -2178
 
94927.00 -66 -2368 -2196
 
94956.00 -65 -2385 -2213
 
94986.00 -64 -2403 -2231
 
95014.00 -63 -2421 -2248
 
95043.00 -62 -2438 -2265
 
95073.00 -61 -2456 -2281
 
95101.00 -60 -2473 -2298
 
95131.00 -59 -2490 -2315
 
95160.00 -58 -2507 -2331
 
95190.00 -57 -2523 -2347
 
95218.00 -56 -2540 -2364
 
95247.00 -55 -2557 -2380
 
95277.00 -54 -2573 -2396
 
95305.00 -53 -2589 -2412
 
95335.00 -52 -2605 -2427
 
95364.00 -51 -2621 -2443
 
95393.00 -50 -2637 -2458
 
95422.00 -49 -2652 -2473
 
95452.00 -48 -2667 -2488
 
95480.00 -47 -2682 -2503
 
95509.00 -46 -2697 -2517
 
95539.00 -45 -2711 -2531
 
95567.00 -44 -2726 -2545
 
95597.00 -43 -2740 -2558
 
95626.00 -42 -2754 -2571
 
95655.00 -41 -2767 -2584
 
95684.00 -40 -2780 -2597
 
95713.00 -39 -2793 -2609
 
95742.00 -38 -2806 -2622
 
95771.00 -37 -2818 -2633
 
95801.00 -36 -2829 -2645
 
95830.00 -35 -2841 -2656
 
95859.00 -34 -2852 -2667
 
95888.00 -33 -2863 -2678
 
95918.00 -32 -2874 -2689
 
95946.00 -31 -2884 -2698
 
95975.00 -30 -2894 -2708
 
96005.00 -29 -2904 -2718
 
96033.00 -28 -2913 -2727
 
96063.00 -27 -2922 -2736
 
96092.00 -26 -2931 -2745
 
96121.00 -25 -2939 -2753
 
96150.00 -24 -2948 -2760
 
96179.00 -23 -2955 -2768
 
96208.00 -22 -2963 -2775
 
96237.00 -21 -2970 -2781
 
96267.00 -20 -2976 -2788
 
96295.00 -19 -2982 -2793
 
96325.00 -18 -2988 -2799
 
96354.00 -17 -2993 -2804
 
96384.00 -16 -2998 -2808
 
96412.00 -15 -3002 -2812
 
96441.00 -14 -3005 -2816
 
96471.00 -13 -3009 -2819
 
96499.00 -12 -3012 -2821
 
96529.00 -11 -3014 -2823
 
96558.00 -10 -3016 -2825
 
96587.00 -9 -3017 -2826
 
96615.00 -8 -3018 -2827
 
96643.00 -7 -3018 -2827
 
96671.00 -6 -3018 -2827
 
96699.00 -5 -3018 -2827
 
96728.00 -4 -3018 -2827
 
96755.00 -3 -3018 -2827
 
96784.00 -2 -3018 -2827
 
96812.00 -1 -3018 -2827
 
96839.00 0 -3018 -2827
 
96867.00 1 -3018 -2827
 
96893.00 2 -3018 -2827
 
96921.00 3 -3018 -2827
 
96948.00 4 -3018 -2827
 
96974.00 5 -3018 -2827
 
97002.00 6 -3018 -2827
 
97029.00 7 -3018 -2827
 
97056.00 8 -3018 -2827
 
97083.00 9 -3018 -2827
 
97110.00 10 -3018 -2827
 
97138.00 11 -3018 -2827
 
97166.00 12 -3018 -2827
 
97195.00 13 -3018 -2827
 
97222.00 14 -3018 -2827
 
97251.00 15 -3018 -2827
 
97278.00 16 -3018 -2827
 
97306.00 17 -3018 -2827
 
97335.00 18 -3018 -2827
 
97362.00 19 -3018 -2827
 
97391.00 20 -3017 -2827
 
97419.00 21 -3015 -2827
 
97446.00 22 -3014 -2826
 
97475.00 23 -3012 -2824
 
97503.00 24 -3010 -2822
 
97531.00 25 -3008 -2818
 
97559.00 26 -3005 -2815
 
97588.00 27 -3002 -2810
 
97615.00 28 -2997 -2806
 
97643.00 29 -2993 -2801
 
97672.00 30 -2987 -2796
 
97699.00 31 -2982 -2791
 
97728.00 32 -2976 -2785
 
97756.00 33 -2970 -2778
 
97784.00 34 -2963 -2772
 
97812.00 35 -2956 -2765
 
97840.00 36 -2949 -2758
 
97868.00 37 -2941 -2750
 
97896.00 38 -2933 -2742
 
97925.00 39 -2925 -2734
 
97952.00 40 -2916 -2725
 
97980.00 41 -2907 -2716
 
98009.00 42 -2898 -2707
 
98036.00 43 -2889 -2698
 
98065.00 44 -2879 -2688
 
98093.00 45 -2869 -2678
 
98121.00 46 -2859 -2668
 
98149.00 47 -2848 -2658
 
98177.00 48 -2837 -2647
 
98205.00 49 -2826 -2636
 
98233.00 50 -2815 -2625
 
98262.00 51 -2803 -2614
 
98289.00 52 -2791 -2603
 
98318.00 53 -2779 -2591
 
98345.00 54 -2767 -2578
 
98373.00 55 -2754 -2566
 
98402.00 56 -2741 -2553
 
98429.00 57 -2728 -2540
 
98458.00 58 -2715 -2527
 
98486.00 59 -2701 -2514
 
98514.00 60 -2687 -2500
 
98542.00 61 -2673 -2486
 
98570.00 62 -2658 -2472
 
98598.00 63 -2644 -2458
 
98626.00 64 -2629 -2443
 
98655.00 65 -2614 -2428
 
98682.00 66 -2599 -2413
 
98710.00 67 -2583 -2397
 
98739.00 68 -2567 -2382
 
98766.00 69 -2552 -2366
 
98795.00 70 -2535 -2350
 
98823.00 71 -2519 -2334
 
98851.00 72 -2503 -2317
 
98879.00 73 -2486 -2301
 
98907.00 74 -2469 -2284
 
98935.00 75 -2452 -2268
 
98963.00 76 -2435 -2251
 
98992.00 77 -2417 -2234
 
99019.00 78 -2400 -2216
 
99048.00 79 -2383 -2199
 
99076.00 80 -2365 -2182
 
99103.00 81 -2347 -2164
 
99132.00 82 -2329 -2146
 
99160.00 83 -2311 -2129
 
99188.00 84 -2293 -2111
 
99216.00 85 -2275 -2093
 
99244.00 86 -2256 -2075
 
99272.00 87 -2238 -2057
 
99300.00 88 -2219 -2039
 
99329.00 89 -2200 -2021
 
99356.00 90 -2181 -2002
 
99385.00 91 -2163 -1984
 
99412.00 92 -2144 -1965
 
99440.00 93 -2124 -1946
 
99469.00 94 -2105 -1927
 
99496.00 95 -2086 -1908
 
99525.00 96 -2066 -1889
 
99553.00 97 -2047 -1870
 
99581.00 98 -2027 -1850
 
99609.00 99 -2007 -1831
 
99637.00 100 -1987 -1810
 
99666.00 99 -1967 -1790
 
99694.00 98 -1946 -1770
 
99723.00 97 -1926 -1751
 
99750.00 96 -1906 -1731
 
99779.00 95 -1886 -1711
 
99807.00 94 -1866 -1691
 
99834.00 93 -1846 -1671
 
99863.00 92 -1826 -1652
 
99891.00 91 -1806 -1632
 
99919.00 90 -1786 -1613
 
99947.00 89 -1766 -1593
 
99975.00 88 -1747 -1574
 
100003.00 87 -1726 -1554
 
100032.00 86 -1706 -1534
 
100062.00 85 -1686 -1515
 
100090.00 84 -1666 -1495
 
100120.00 83 -1646 -1476
 
100149.00 82 -1627 -1457
 
100178.00 81 -1607 -1438
 
100207.00 80 -1587 -1419
 
100236.00 79 -1568 -1400
 
100265.00 78 -1549 -1381
 
100294.00 77 -1529 -1362
 
100324.00 76 -1510 -1343
 
100353.00 75 -1491 -1325
 
100382.00 74 -1472 -1306
 
100411.00 73 -1453 -1287
 
100440.00 72 -1435 -1268