Time PWM Left Right
3500.00 100 0 0
3503.00 100 0 0
3506.00 100 0 0
3509.00 100 0 0
3512.00 100 0 0
3515.00 100 0 0
3531.00 100 0 0
3549.00 100 0 0
3565.00 100 0 0
3581.00 100 0 0
3598.00 100 0 0
3615.00 100 0 0
3632.00 100 0 0
3648.00 100 0 0
3664.00 100 0 0
3682.00 100 0 0
3698.00 100 0 0
3715.00 100 0 0
3731.00 100 0 0
3748.00 100 0 0
3765.00 100 0 0
3781.00 100 0 0
3798.00 100 0 0
3815.00 100 0 0
3831.00 100 0 0
3848.00 100 0 0
3864.00 100 0 0
3881.00 100 0 0
3898.00 100 0 0
3914.00 100 0 0
3931.00 100 0 0
3948.00 100 0 0
3964.00 100 0 0
3981.00 100 0 0
3997.00 100 0 0
4015.00 100 0 0
4031.00 100 0 0
4047.00 100 0 0
4064.00 100 0 0
4081.00 100 0 0
4098.00 100 0 0
4114.00 100 0 0
4130.00 100 0 0
4148.00 100 0 0
4164.00 100 0 0
4180.00 100 0 0
4197.00 100 0 0
4214.00 100 0 0
4231.00 100 0 0
4247.00 100 0 0
4263.00 100 0 0
4281.00 100 0 0
4297.00 100 0 0
4314.00 100 0 0
4330.00 100 0 0
4347.00 100 0 0
4364.00 100 0 0
4380.00 100 0 0
4397.00 100 0 0
4414.00 100 0 0
4430.00 100 0 0
4447.00 100 0 0
4463.00 100 0 0
4481.00 100 0 0
4497.00 100 0 0
4513.00 100 0 0
4530.00 100 0 0
4547.00 100 0 0
4563.00 100 0 0
4580.00 100 0 0
4596.00 100 0 0
4614.00 100 0 0
4630.00 100 0 0
4646.00 100 0 0
4663.00 100 0 0
4680.00 100 0 0
4697.00 100 0 0
4713.00 100 0 0
4729.00 100 0 0
4747.00 100 0 0
4763.00 100 0 0
4780.00 100 0 0
4796.00 100 0 0
4813.00 100 0 0
4830.00 100 0 0
4846.00 100 0 0
4862.00 100 0 0
4880.00 100 0 0
4896.00 100 0 0
4913.00 100 0 0
4929.00 100 0 0
4946.00 100 0 0
4963.00 100 0 0
4979.00 100 0 0
4996.00 100 0 0
5013.00 100 0 0
5029.00 100 0 0
5046.00 100 0 0
5062.00 100 0 0
5080.00 100 0 0
5096.00 100 0 0
5112.00 100 0 0
5129.00 100 0 0
5146.00 100 0 0
5163.00 100 0 0
5179.00 100 0 0
5195.00 100 0 0
5213.00 100 0 0
5229.00 100 0 0
5245.00 100 0 0
5262.00 100 0 0
5279.00 100 0 0
5296.00 100 0 0
5312.00 100 0 0
5328.00 100 0 0
5346.00 100 0 0
5362.00 100 0 0
5379.00 100 0 0
5395.00 100 0 0
5412.00 100 0 0
5429.00 100 0 0
5445.00 100 0 0
5462.00 100 0 0
5479.00 100 0 0
5495.00 100 0 0
5512.00 100 0 0
5528.00 100 0 0
5545.00 100 0 0
5562.00 100 0 0
5578.00 100 0 0
5595.00 100 0 0
5612.00 100 0 0
5628.00 100 0 0
5645.00 100 0 0
5661.00 100 0 0
5679.00 100 0 0
5695.00 100 0 0
5711.00 100 0 0
5728.00 100 0 0
5745.00 100 0 0
5762.00 100 0 0
5778.00 100 0 0
5794.00 100 0 0
5812.00 100 0 0
5828.00 100 0 0
5844.00 100 0 0
5861.00 100 0 0
5878.00 100 0 0
5895.00 100 0 0
5911.00 100 0 0
5927.00 100 0 0
5945.00 100 0 0
5961.00 100 0 0
5978.00 100 0 0
5994.00 100 0 0
6011.00 100 0 0
6028.00 100 0 0
6044.00 100 0 0
6061.00 100 0 0
6078.00 100 0 0
6094.00 100 0 0
6111.00 100 0 0
6127.00 100 0 0
6145.00 100 0 0
6161.00 100 0 0
6177.00 100 0 0
6194.00 100 0 0
6211.00 100 0 0
6227.00 100 0 0
6244.00 100 0 0
6260.00 100 0 0
6278.00 100 0 0
6294.00 100 0 0
6310.00 100 0 0
6327.00 100 0 0
6344.00 100 0 0
6361.00 100 0 0
6377.00 100 0 0
6393.00 100 0 0
6411.00 100 0 0
6427.00 100 0 0
6444.00 100 0 0
6460.00 100 0 0
6477.00 100 0 0
6494.00 100 0 0
6510.00 -100 -1 -2
6530.00 -100 -5 -6
6550.00 -100 -11 -14
6572.00 -100 -19 -23
6593.00 -100 -28 -34
6616.00 -100 -39 -45
6637.00 -100 -51 -57
6659.00 -100 -64 -70
6681.00 -100 -77 -84
6703.00 -100 -91 -97
6724.00 -100 -105 -112
6749.00 -100 -121 -127
6772.00 -100 -137 -143
6796.00 -100 -153 -158
6820.00 -100 -169 -174
6844.00 -100 -186 -190
6868.00 -100 -202 -206
6892.00 -100 -219 -222
6916.00 -100 -235 -238
6940.00 -100 -252 -255
6964.00 -100 -268 -271
6987.00 -100 -285 -287
7012.00 -100 -301 -303
7035.00 -100 -318 -319
7059.00 -100 -335 -336
7084.00 -100 -351 -352
7107.00 -100 -368 -368
7131.00 -100 -385 -384
7155.00 -100 -402 -401
7179.00 -100 -418 -417
7203.00 -100 -435 -433
7227.00 -100 -452 -450
7250.00 -100 -469 -466
7275.00 -100 -486 -483
7299.00 -100 -503 -499
7322.00 -100 -520 -515
7347.00 -100 -537 -532
7370.00 -100 -554 -549
7394.00 -100 -571 -565
7418.00 -100 -588 -582
7442.00 -100 -604 -598
7467.00 -100 -621 -615
7490.00 -100 -639 -632
7514.00 -100 -656 -648
7538.00 -100 -673 -665
7562.00 -100 -690 -681
7585.00 -100 -707 -698
7610.00 -100 -724 -714
7633.00 -100 -741 -731
7657.00 -100 -758 -747
7682.00 -100 -775 -763
7705.00 -100 -792 -780
7729.00 -100 -809 -796
7753.00 -100 -826 -813
7777.00 -100 -843 -829
7801.00 -100 -860 -846
7825.00 -100 -877 -862
7848.00 -100 -894 -879
7873.00 -100 -911 -896
7897.00 -100 -928 -912
7920.00 -100 -945 -929
7945.00 -100 -962 -945
7968.00 -100 -979 -962
7992.00 -100 -996 -978
8016.00 -100 -1013 -996
8041.00 -100 -1031 -1013
8068.00 -100 -1049 -1031
8093.00 -100 -1068 -1049
8119.00 -100 -1086 -1067
8145.00 -100 -1104 -1085
8171.00 -100 -1123 -1103
8198.00 -100 -1141 -1121
8223.00 -100 -1160 -1139
8249.00 -100 -1178 -1157
8275.00 -100 -1196 -1175
8301.00 -100 -1215 -1193
8327.00 -100 -1233 -1211
8353.00 -100 -1252 -1229
8379.00 -100 -1270 -1247
8406.00 -100 -1288 -1265
8431.00 -100 -1307 -1283
8457.00 -100 -1325 -1300
8483.00 -100 -1344 -1318
8509.00 -100 -1362 -1336
8536.00 -100 -1380 -1354
8561.00 -100 -1399 -1372
8587.00 -100 -1417 -1390
8613.00 -100 -1435 -1408
8639.00 -100 -1454 -1425
8666.00 -100 -1472 -1443
8691.00 -100 -1490 -1461
8717.00 -100 -1509 -1479
8743.00 -100 -1527 -1497
8769.00 -100 -1546 -1515
8795.00 -100 -1564 -1533
8821.00 -100 -1583 -1551
8847.00 -100 -1601 -1569
8873.00 -100 -1620 -1587
8899.00 -100 -1638 -1605
8925.00 -100 -1657 -1623
8951.00 -100 -1675 -1641
8977.00 -100 -1693 -1660
9004.00 -100 -1712 -1678
9029.00 -100 -1730 -1696
9055.00 -100 -1749 -1714
9081.00 -100 -1767 -1732
9107.00 -100 -1786 -1751
9134.00 -100 -1805 -1769
9159.00 -100 -1823 -1787
9185.00 -100 -1842 -1805
9211.00 -100 -1860 -1823
9237.00 -100 -1879 -1841
9264.00 -100 -1898 -1859
9289.00 -100 -1916 -1877
9315.00 -100 -1935 -1895
9341.00 -100 -1954 -1913
9367.00 -100 -1972 -1931
9393.00 -100 -1990 -1949
9419.00 -100 -2009 -1967
9445.00 -100 -2027 -1985
9472.00 -100 -2046 -2003
9497.00 -100 -2064 -2021
9523.00 100 -2067 -2018
9548.00 100 -2065 -2016
9573.00 100 -2060 -2011
9598.00 100 -2054 -2005
9623.00 100 -2046 -1997
9648.00 100 -2036 -1987
9673.00 100 -2023 -1974
9698.00 100 -2010 -1960
9722.00 100 -1995 -1945
9748.00 100 -1979 -1929
9773.00 100 -1964 -1914
9798.00 100 -1948 -1898
9823.00 100 -1931 -1881
9847.00 100 -1914 -1865
9873.00 100 -1897 -1848
9897.00 100 -1880 -1831
9922.00 100 -1863 -1814
9948.00 100 -1846 -1797
9972.00 100 -1828 -1780
9998.00 100 -1811 -1763
10022.00 100 -1793 -1745
10048.00 100 -1775 -1727
10075.00 100 -1756 -1709
10100.00 100 -1738 -1691
10126.00 100 -1720 -1673
10152.00 100 -1701 -1654
10178.00 100 -1683 -1636
10205.00 100 -1664 -1618
10230.00 100 -1646 -1599
10256.00 100 -1628 -1581
10283.00 100 -1609 -1563
10308.00 100 -1590 -1544
10335.00 100 -1572 -1526
10360.00 100 -1554 -1508
10386.00 100 -1535 -1489
10413.00 100 -1516 -1471
10438.00 100 -1498 -1453
10465.00 100 -1480 -1435
10490.00 100 -1461 -1417
10516.00 100 -1442 -1399
10543.00 100 -1424 -1380
10568.00 100 -1405 -1362
10595.00 100 -1387 -1344
10620.00 100 -1368 -1327
10646.00 100 -1350 -1309
10673.00 100 -1332 -1290
10698.00 100 -1313 -1272
10724.00 100 -1295 -1254
10750.00 100 -1276 -1236
10776.00 100 -1258 -1218
10803.00 100 -1240 -1200
10828.00 100 -1221 -1182
10854.00 100 -1203 -1163
10881.00 100 -1185 -1145
10906.00 100 -1166 -1127
10933.00 100 -1148 -1109
10958.00 100 -1129 -1090
10984.00 100 -1111 -1072
11011.00 100 -1092 -1053
11036.00 100 -1074 -1035
11063.00 100 -1055 -1017
11088.00 100 -1036 -998
11113.00 100 -1019 -981
11139.00 100 -1001 -963
11163.00 100 -983 -946
11187.00 100 -966 -929
11211.00 100 -949 -913
11235.00 100 -932 -896
11259.00 100 -915 -879
11283.00 100 -898 -862
11307.00 100 -881 -846
11331.00 100 -864 -829
11355.00 100 -847 -812
11378.00 100 -830 -795
11403.00 100 -813 -778
11426.00 100 -796 -762
11450.00 100 -779 -745
11474.00 100 -762 -728
11498.00 100 -745 -711
11522.00 100 -728 -695
11546.00 100 -711 -678
11570.00 100 -694 -661
11594.00 100 -677 -645
11618.00 100 -661 -628
11641.00 100 -644 -611
11666.00 100 -627 -595
11689.00 100 -610 -578
11713.00 100 -593 -561
11738.00 100 -576 -544
11761.00 100 -559 -527
11785.00 100 -542 -510
11809.00 100 -525 -493
11833.00 100 -509 -476
11856.00 100 -491 -459
11881.00 100 -474 -442
11905.00 100 -457 -425
11929.00 100 -440 -409
11953.00 100 -423 -392
11976.00 100 -406 -375
12001.00 100 -389 -358
12024.00 100 -372 -342
12048.00 100 -355 -325
12072.00 100 -338 -308
12096.00 100 -321 -291
12120.00 100 -304 -275
12144.00 100 -287 -258
12168.00 100 -270 -241
12192.00 100 -253 -224
12216.00 100 -236 -207
12239.00 100 -219 -190
12264.00 100 -202 -174
12288.00 100 -185 -158
12311.00 100 -168 -141
12336.00 100 -151 -124
12359.00 100 -134 -107
12383.00 100 -117 -91
12406.00 100 -101 -75
12429.00 100 -85 -59
12450.00 100 -69 -44
12473.00 100 -54 -29
12494.00 100 -38 -13
12516.00 100 -23 2
12536.00 -100 -23 -2
12558.00 -100 -25 -4
12579.00 -100 -30 -10
12603.00 -100 -37 -19
12625.00 -100 -45 -29
12648.00 -100 -55 -39
12672.00 -100 -66 -51
12694.00 -100 -78 -63
12717.00 -100 -91 -77
12740.00 -100 -106 -91
12764.00 -100 -121 -107
12788.00 -100 -137 -123
12814.00 -100 -154 -139
12838.00 -100 -171 -156
12864.00 -100 -189 -173
12889.00 -100 -206 -190
12913.00 -100 -224 -207
12939.00 -100 -242 -224
12963.00 -100 -259 -241
12988.00 -100 -277 -258
13014.00 -100 -294 -276
13038.00 -100 -312 -293
13064.00 -100 -330 -311
13088.00 -100 -348 -328
13113.00 -100 -366 -346
13138.00 -100 -384 -364
13163.00 -100 -402 -381
13188.00 -100 -420 -399
13213.00 -100 -438 -416
13238.00 -100 -456 -434
13263.00 -100 -474 -451
13288.00 -100 -493 -469
13313.00 -100 -511 -487
13338.00 -100 -529 -505
13363.00 -100 -547 -522
13387.00 -100 -565 -540
13413.00 -100 -583 -558
13437.00 -100 -601 -576
13463.00 -100 -619 -594
13488.00 -100 -638 -611
13512.00 -100 -656 -629
13538.00 -100 -674 -647
13562.00 -100 -693 -665
13587.00 -100 -711 -682
13613.00 -100 -729 -700
13637.00 -100 -747 -718
13663.00 -100 -765 -735
13687.00 -100 -784 -753
13712.00 -100 -802 -771
13737.00 -100 -820 -788
13762.00 -100 -838 -806
13787.00 -100 -856 -824
13812.00 -100 -874 -841
13837.00 -100 -892 -859
13862.00 -100 -910 -877
13887.00 -100 -929 -895
13912.00 -100 -947 -912
13937.00 -100 -965 -930
13962.00 -100 -983 -948
13986.00 -100 -1001 -966
14013.00 -100 -1020 -985
14039.00 -100 -1039 -1003
14066.00 -100 -1059 -1023
14093.00 -100 -1079 -1042
14119.00 -100 -1098 -1061
14147.00 -100 -1118 -1081
14174.00 -100 -1138 -1100
14201.00 -100 -1157 -1119
14228.00 -100 -1177 -1139
14256.00 -100 -1197 -1158
14282.00 -100 -1217 -1177
14309.00 -100 -1237 -1197
14337.00 -100 -1256 -1216
14363.00 -100 -1276 -1235
14391.00 -100 -1296 -1254
14417.00 -100 -1316 -1273
14444.00 -100 -1335 -1292
14472.00 -100 -1355 -1312
14498.00 -100 -1375 -1331
14526.00 -100 -1394 -1350
14553.00 -100 -1414 -1369
14579.00 -100 -1434 -1388
14607.00 -100 -1453 -1407
14633.00 -100 -1473 -1426
14661.00 -100 -1492 -1446
14688.00 -100 -1512 -1465
14714.00 -100 -1532 -1484
14742.00 -100 -1551 -1503
14769.00 -100 -1571 -1522
14796.00 -100 -1591 -1541
14823.00 -100 -1610 -1560
14850.00 -100 -1630 -1580
14877.00 -100 -1649 -1599
14904.00 -100 -1669 -1618
14931.00 -100 -1689 -1638
14958.00 -100 -1708 -1657
14985.00 -100 -1728 -1676
15012.00 -100 -1748 -1695
15039.00 -100 -1768 -1715
15067.00 -100 -1787 -1734
15093.00 -100 -1807 -1753
15121.00 -100 -1827 -1773
15148.00 -100 -1846 -1792
15174.00 -100 -1866 -1811
15202.00 -100 -1886 -1830
15228.00 -100 -1906 -1849
15256.00 -100 -1925 -1869
15283.00 -100 -1945 -1888
15309.00 -100 -1964 -1907
15337.00 -100 -1984 -1926
15364.00 -100 -2004 -1945
15391.00 -100 -2023 -1964
15418.00 -100 -2043 -1984
15444.00 -100 -2063 -2003
15472.00 -100 -2082 -2022
15499.00 -100 -2102 -2041
15526.00 -100 -2122 -2060
15553.00 100 -2126 -2059
15579.00 100 -2124 -2057
15605.00 100 -2118 -2050
15631.00 100 -2111 -2042
15657.00 100 -2102 -2033
15683.00 100 -2091 -2022
15709.00 100 -2079 -2008
15735.00 100 -2065 -1993
15761.00 100 -2049 -1977
15788.00 100 -2032 -1961
15813.00 100 -2016 -1944
15839.00 100 -1999 -1927
15865.00 100 -1981 -1909
15891.00 100 -1963 -1891
15917.00 100 -1945 -1873
15943.00 100 -1927 -1855
15969.00 100 -1908 -1837
15995.00 100 -1890 -1819
16021.00 100 -1872 -1801
16047.00 100 -1853 -1783
16073.00 100 -1835 -1764
16099.00 100 -1816 -1746
16125.00 100 -1798 -1728
16151.00 100 -1779 -1709
16177.00 100 -1760 -1691
16203.00 100 -1742 -1672
16229.00 100 -1723 -1653
16256.00 100 -1704 -1635
16281.00 100 -1685 -1616
16307.00 100 -1667 -1597
16333.00 100 -1648 -1578
16359.00 100 -1629 -1560
16386.00 100 -1610 -1541
16411.00 100 -1591 -1523
16437.00 100 -1572 -1504
16463.00 100 -1554 -1485
16489.00 100 -1535 -1467
16515.00 100 -1516 -1448
16541.00 100 -1497 -1430
16567.00 100 -1478 -1411
16593.00 100 -1459 -1392
16619.00 100 -1441 -1374
16645.00 100 -1422 -1355
16671.00 100 -1403 -1336
16697.00 100 -1384 -1318
16723.00 100 -1365 -1299
16749.00 100 -1346 -1281
16775.00 100 -1328 -1262
16801.00 100 -1309 -1244
16827.00 100 -1290 -1225
16854.00 100 -1271 -1207
16879.00 100 -1253 -1188
16905.00 100 -1234 -1170
16931.00 100 -1215 -1151
16957.00 100 -1196 -1132
16984.00 100 -1177 -1114
17009.00 100 -1159 -1095
17035.00 100 -1140 -1076
17061.00 100 -1121 -1057
17087.00 100 -1102 -1039
17113.00 100 -1083 -1020
17139.00 100 -1064 -1001
17165.00 100 -1045 -983
17190.00 100 -1027 -965
17215.00 100 -1009 -947
17240.00 100 -991 -930
17264.00 100 -974 -913
17288.00 100 -957 -896
17311.00 100 -939 -879
17336.00 100 -922 -862
17359.00 100 -905 -845
17384.00 100 -887 -828
17408.00 100 -870 -811
17431.00 100 -853 -793
17456.00 100 -836 -776
17479.00 100 -818 -759
17503.00 100 -801 -742
17527.00 100 -784 -725
17551.00 100 -767 -708
17574.00 100 -749 -691
17599.00 100 -732 -674
17623.00 100 -715 -657
17646.00 100 -698 -640
17671.00 100 -681 -623
17694.00 100 -663 -606
17719.00 100 -646 -589
17742.00 100 -629 -572
17766.00 100 -612 -555
17790.00 100 -594 -538
17814.00 100 -577 -520
17838.00 100 -560 -503
17862.00 100 -542 -486
17886.00 100 -525 -469
17909.00 100 -508 -451
17934.00 100 -491 -434
17957.00 100 -473 -417
17982.00 100 -456 -400
18006.00 100 -438 -383
18029.00 100 -421 -366
18054.00 100 -404 -349
18077.00 100 -387 -332
18101.00 100 -369 -315
18125.00 100 -352 -298
18149.00 100 -335 -281
18172.00 100 -317 -264
18197.00 100 -300 -247
18221.00 100 -283 -230
18244.00 100 -265 -212
18269.00 100 -248 -195
18292.00 100 -231 -179
18317.00 100 -213 -162
18340.00 100 -196 -145
18364.00 100 -179 -128
18388.00 100 -162 -111
18412.00 100 -145 -94
18435.00 100 -128 -78
18458.00 100 -112 -61
18481.00 100 -95 -46
18502.00 100 -80 -30
18525.00 100 -64 -15
18546.00 100 -48 1
18566.00 -100 -50 -5
18588.00 -100 -52 -8
18610.00 -100 -58 -14
18632.00 -100 -65 -22
18656.00 -100 -73 -32
18678.00 -100 -83 -43
18701.00 -100 -94 -55
18724.00 -100 -106 -68
18748.00 -100 -121 -82
18771.00 -100 -136 -97
18796.00 -100 -151 -113
18821.00 -100 -168 -129
18845.00 -100 -185 -146
18871.00 -100 -202 -162
18895.00 -100 -220 -180
18921.00 -100 -237 -197
18946.00 -100 -255 -214
18970.00 -100 -273 -232
18996.00 -100 -291 -249
19020.00 -100 -309 -267
19045.00 -100 -327 -285
19070.00 -100 -345 -302
19095.00 -100 -363 -320
19121.00 -100 -382 -338
19145.00 -100 -400 -356
19170.00 -100 -418 -374
19195.00 -100 -437 -391
19220.00 -100 -455 -409
19245.00 -100 -473 -427
19270.00 -100 -492 -445
19295.00 -100 -510 -463
19320.00 -100 -528 -481
19345.00 -100 -546 -499
19369.00 -100 -565 -517
19395.00 -100 -583 -535
19420.00 -100 -602 -553
19444.00 -100 -620 -571
19470.00 -100 -639 -589
19494.00 -100 -657 -607
19520.00 -100 -675 -625
19545.00 -100 -694 -643
19569.00 -100 -712 -661
19595.00 -100 -731 -679
19619.00 -100 -749 -697
19644.00 -100 -768 -714
19670.00 -100 -786 -732
19694.00 -100 -805 -750
19720.00 -100 -823 -768
19744.00 -100 -841 -785
19769.00 -100 -860 -803
19794.00 -100 -878 -821
19819.00 -100 -896 -839
19844.00 -100 -915 -857
19869.00 -100 -933 -875
19894.00 -100 -952 -893
19919.00 -100 -970 -911
19944.00 -100 -988 -929
19969.00 -100 -1007 -947
19995.00 -100 -1026 -966
20021.00 -100 -1045 -985
20047.00 -100 -1064 -1003
20074.00 -100 -1084 -1023
20101.00 -100 -1104 -1042
20128.00 -100 -1124 -1062
20155.00 -100 -1144 -1081
20183.00 -100 -1164 -1101
20209.00 -100 -1184 -1120
20236.00 -100 -1204 -1140
20263.00 -100 -1224 -1159
20290.00 -100 -1244 -1179
20318.00 -100 -1264 -1198
20344.00 -100 -1284 -1218
20371.00 -100 -1304 -1237
20399.00 -100 -1323 -1257
20425.00 -100 -1343 -1276
20453.00 -100 -1363 -1295
20480.00 -100 -1383 -1314
20506.00 -100 -1403 -1333
20534.00 -100 -1423 -1353
20560.00 -100 -1443 -1372
20588.00 -100 -1462 -1391
20615.00 -100 -1482 -1410
20641.00 -100 -1502 -1429
20669.00 -100 -1521 -1448
20696.00 -100 -1541 -1467
20723.00 -100 -1560 -1487
20750.00 -100 -1580 -1506
20777.00 -100 -1600 -1525
20804.00 -100 -1619 -1544
20831.00 -100 -1639 -1563
20858.00 -100 -1658 -1582
20885.00 -100 -1678 -1601
20913.00 -100 -1698 -1621
20939.00 -100 -1717 -1640
20966.00 -100 -1737 -1659
20994.00 -100 -1757 -1678
21020.00 -100 -1776 -1698
21048.00 -100 -1796 -1717
21074.00 -100 -1816 -1736
21101.00 -100 -1835 -1756
21129.00 -100 -1855 -1775
21155.00 -100 -1875 -1794
21183.00 -100 -1895 -1813
21210.00 -100 -1915 -1832
21236.00 -100 -1934 -1851
21264.00 -100 -1954 -1871
21291.00 -100 -1974 -1890
21318.00 -100 -1993 -1909
21345.00 -100 -2013 -1928
21371.00 -100 -2032 -1947
21399.00 -100 -2052 -1966
21426.00 -100 -2071 -1985
21453.00 -100 -2091 -2004
21480.00 -100 -2111 -2023
21507.00 -100 -2130 -2043
21534.00 -100 -2150 -2062
21561.00 -100 -2169 -2081
21588.00 100 -2173 -2078
21614.00 100 -2172 -2076
21640.00 100 -2167 -2071
21666.00 100 -2159 -2064
21692.00 100 -2151 -2055
21719.00 100 -2141 -2044
21744.00 100 -2128 -2031
21770.00 100 -2114 -2016
21796.00 100 -2098 -1996
21822.00 100 -2082 -1976
21849.00 100 -2065 -1959
21874.00 100 -2048 -1938
21900.00 100 -2030 -1921
21926.00 100 -2013 -1903
21952.00 100 -1995 -1885
21979.00 100 -1977 -1867
22004.00 100 -1958 -1849
22030.00 100 -1940 -1831
22056.00 100 -1921 -1813
22082.00 100 -1903 -1795
22109.00 100 -1885 -1777
22134.00 100 -1866 -1758
22160.00 100 -1847 -1740
22187.00 100 -1829 -1722
22212.00 100 -1810 -1703
22238.00 100 -1792 -1685
22264.00 100 -1773 -1666
22290.00 100 -1755 -1648
22317.00 100 -1736 -1629
22342.00 100 -1717 -1610
22368.00 100 -1698 -1591
22394.00 100 -1680 -1573
22420.00 100 -1661 -1554
22447.00 100 -1642 -1536
22472.00 100 -1623 -1517
22498.00 100 -1604 -1498
22524.00 100 -1586 -1480
22550.00 100 -1567 -1462
22577.00 100 -1548 -1443
22602.00 100 -1529 -1425
22628.00 100 -1511 -1406
22654.00 100 -1492 -1387
22680.00 100 -1473 -1369
22706.00 100 -1454 -1350
22732.00 100 -1435 -1332
22758.00 100 -1416 -1313
22785.00 100 -1398 -1295
22810.00 100 -1379 -1276
22836.00 100 -1360 -1258
22862.00 100 -1341 -1239
22888.00 100 -1322 -1221
22915.00 100 -1304 -1203
22940.00 100 -1285 -1184
22966.00 100 -1267 -1166
22992.00 100 -1248 -1147
23018.00 100 -1229 -1129
23045.00 100 -1211 -1110
23070.00 100 -1192 -1091
23096.00 100 -1173 -1073
23122.00 100 -1154 -1054
23148.00 100 -1135 -1035
23175.00 100 -1117 -1017
23200.00 100 -1098 -998
23225.00 100 -1080 -980
23250.00 100 -1061 -962
23275.00 100 -1043 -944
23300.00 100 -1025 -927
23325.00 100 -1007 -909
23350.00 100 -989 -892
23374.00 100 -972 -875
23398.00 100 -955 -858
23421.00 100 -937 -841
23446.00 100 -920 -824
23470.00 100 -903 -807
23493.00 100 -886 -790
23518.00 100 -869 -773
23541.00 100 -851 -756
23565.00 100 -834 -739
23589.00 100 -817 -722
23613.00 100 -800 -705
23636.00 100 -782 -688
23661.00 100 -765 -671
23685.00 100 -748 -654
23709.00 100 -731 -637
23733.00 100 -714 -620
23756.00 100 -697 -603
23781.00 100 -679 -586
23804.00 100 -662 -569
23828.00 100 -645 -552
23853.00 100 -628 -535
23876.00 100 -610 -518
23900.00 100 -593 -501
23924.00 100 -576 -484
23948.00 100 -559 -466
23972.00 100 -541 -449
23996.00 100 -524 -432
24019.00 100 -507 -415
24044.00 100 -489 -398
24068.00 100 -472 -381
24091.00 100 -455 -364
24116.00 100 -437 -347
24139.00 100 -420 -330
24163.00 100 -403 -313
24187.00 100 -386 -296
24211.00 100 -369 -279
24235.00 100 -351 -262
24259.00 100 -334 -245
24283.00 100 -317 -228
24307.00 100 -300 -211
24331.00 100 -283 -194
24354.00 100 -265 -177
24379.00 100 -248 -161
24402.00 100 -231 -144
24426.00 100 -214 -127
24451.00 100 -196 -110
24474.00 100 -179 -93
24497.00 100 -163 -77
24520.00 100 -147 -61
24543.00 100 -130 -44
24565.00 100 -114 -28
24589.00 -100 -113 -31
24612.00 -100 -114 -33
24636.00 -100 -119 -40
24660.00 -100 -127 -49
24684.00 -100 -136 -60
24709.00 -100 -146 -71
24732.00 -100 -158 -84
24756.00 -100 -171 -98
24780.00 -100 -186 -112
24805.00 -100 -202 -128
24829.00 -100 -218 -144
24855.00 -100 -235 -160
24880.00 -100 -252 -177
24905.00 -100 -270 -194
24930.00 -100 -288 -211
24954.00 -100 -305 -228
24980.00 -100 -323 -246
25005.00 -100 -341 -263
25029.00 -100 -359 -281
25055.00 -100 -377 -299
25079.00 -100 -396 -316
25105.00 -100 -414 -334
25129.00 -100 -432 -352
25154.00 -100 -451 -370
25180.00 -100 -469 -388
25204.00 -100 -488 -406
25229.00 -100 -506 -423
25254.00 -100 -524 -441
25279.00 -100 -543 -459
25305.00 -100 -561 -477
25329.00 -100 -579 -495
25354.00 -100 -598 -513
25379.00 -100 -616 -531
25404.00 -100 -635 -549
25428.00 -100 -653 -568
25454.00 -100 -672 -586
25479.00 -100 -690 -604
25504.00 -100 -709 -622
25529.00 -100 -727 -640
25553.00 -100 -746 -658
25579.00 -100 -764 -676
25604.00 -100 -783 -694
25628.00 -100 -801 -712
25654.00 -100 -820 -729
25678.00 -100 -839 -747
25704.00 -100 -857 -765
25729.00 -100 -875 -783
25753.00 -100 -894 -801
25779.00 -100 -912 -819
25803.00 -100 -931 -837
25828.00 -100 -949 -855
25853.00 -100 -968 -873
25878.00 -100 -986 -890
25904.00 -100 -1005 -909
25929.00 -100 -1024 -928
25955.00 -100 -1043 -947
25981.00 -100 -1062 -965
26007.00 -100 -1082 -984
26033.00 -100 -1101 -1003
26060.00 -100 -1121 -1022
26087.00 -100 -1141 -1042
26115.00 -100 -1161 -1061
26141.00 -100 -1181 -1081
26169.00 -100 -1201 -1101
26195.00 -100 -1221 -1120
26222.00 -100 -1241 -1140
26250.00 -100 -1261 -1160
26276.00 -100 -1281 -1179
26304.00 -100 -1301 -1199
26331.00 -100 -1321 -1218
26357.00 -100 -1341 -1238
26385.00 -100 -1362 -1257
26412.00 -100 -1382 -1276
26439.00 -100 -1402 -1296
26466.00 -100 -1422 -1315
26492.00 -100 -1442 -1335
26520.00 -100 -1462 -1354
26547.00 -100 -1482 -1373
26574.00 -100 -1502 -1393
26601.00 -100 -1522 -1412
26628.00 -100 -1541 -1431
26655.00 -100 -1561 -1451
26682.00 -100 -1581 -1470
26710.00 -100 -1601 -1490
26736.00 -100 -1621 -1509
26763.00 -100 -1641 -1528
26790.00 -100 -1661 -1548
26817.00 -100 -1681 -1567
26845.00 -100 -1701 -1587
26871.00 -100 -1721 -1606
26898.00 -100 -1741 -1626
26926.00 -100 -1761 -1645
26952.00 -100 -1781 -1665
26980.00 -100 -1801 -1684
27006.00 -100 -1821 -1704
27034.00 -100 -1841 -1723
27061.00 -100 -1861 -1743
27087.00 -100 -1881 -1762
27115.00 -100 -1901 -1782
27142.00 -100 -1921 -1801
27169.00 -100 -1942 -1821
27196.00 -100 -1962 -1840
27223.00 -100 -1982 -1860
27250.00 -100 -2002 -1879
27277.00 -100 -2022 -1898
27304.00 -100 -2042 -1918
27331.00 -100 -2062 -1937
27358.00 -100 -2082 -1957
27385.00 -100 -2102 -1976
27412.00 -100 -2122 -1996
27440.00 -100 -2142 -2015
27466.00 -100 -2162 -2035
27493.00 -100 -2182 -2054
27521.00 -100 -2202 -2073
27547.00 -100 -2222 -2093
27575.00 -100 -2243 -2112
27601.00 100 -2246 -2111
27627.00 100 -2244 -2109
27654.00 100 -2238 -2104
27679.00 100 -2231 -2096
27706.00 100 -2223 -2087
27731.00 100 -2212 -2076
27757.00 100 -2199 -2062
27784.00 100 -2184 -2047
27809.00 100 -2169 -2031
27836.00 100 -2152 -2014
27862.00 100 -2135 -1998
27887.00 100 -2118 -1980
27914.00 100 -2100 -1962
27939.00 100 -2082 -1944
27966.00 100 -2064 -1926
27992.00 100 -2046 -1908
28017.00 100 -2027 -1890
28044.00 100 -2008 -1872
28069.00 100 -1990 -1853
28095.00 100 -1971 -1835
28122.00 100 -1952 -1816
28147.00 100 -1934 -1798
28174.00 100 -1915 -1779
28199.00 100 -1896 -1761
28225.00 100 -1877 -1742
28252.00 100 -1859 -1724
28277.00 100 -1840 -1705
28304.00 100 -1821 -1686
28329.00 100 -1802 -1668
28355.00 100 -1784 -1649
28382.00 100 -1765 -1630
28407.00 100 -1746 -1611
28434.00 100 -1726 -1592
28460.00 100 -1708 -1574
28485.00 100 -1689 -1555
28512.00 100 -1670 -1536
28537.00 100 -1651 -1517
28563.00 100 -1632 -1498
28590.00 100 -1613 -1480
28615.00 100 -1594 -1461
28642.00 100 -1575 -1443
28667.00 100 -1556 -1424
28693.00 100 -1537 -1405
28720.00 100 -1518 -1386
28745.00 100 -1499 -1367
28772.00 100 -1480 -1349
28797.00 100 -1461 -1330
28823.00 100 -1442 -1311
28850.00 100 -1423 -1293
28875.00 100 -1404 -1274
28902.00 100 -1385 -1255
28928.00 100 -1366 -1237
28953.00 100 -1347 -1218
28980.00 100 -1328 -1199
29005.00 100 -1309 -1181
29032.00 100 -1290 -1162
29058.00 100 -1271 -1143
29083.00 100 -1253 -1125
29110.00 100 -1234 -1106
29135.00 100 -1215 -1087
29161.00 100 -1196 -1069
29188.00 100 -1177 -1050
29213.00 100 -1158 -1031
29240.00 100 -1139 -1012
29265.00 100 -1120 -994
29290.00 100 -1102 -976
29316.00 100 -1084 -958
29340.00 100 -1065 -940
29366.00 100 -1047 -922
29390.00 100 -1029 -905
29415.00 100 -1011 -887
29441.00 100 -993 -870
29464.00 100 -976 -853
29488.00 100 -958 -835
29512.00 100 -941 -818
29536.00 100 -923 -801
29559.00 100 -906 -784
29584.00 100 -889 -767
29607.00 100 -871 -750
29632.00 100 -854 -733
29656.00 100 -837 -716
29679.00 100 -819 -699
29704.00 100 -802 -682
29727.00 100 -785 -665
29751.00 100 -767 -648
29775.00 100 -750 -631
29799.00 100 -733 -614
29822.00 100 -716 -597
29847.00 100 -698 -580
29871.00 100 -681 -563
29894.00 100 -664 -546
29919.00 100 -647 -528
29942.00 100 -629 -511
29967.00 100 -612 -494
29990.00 100 -594 -477
30014.00 100 -577 -459
30039.00 100 -560 -442
30062.00 100 -542 -425
30086.00 100 -525 -408
30110.00 100 -507 -391
30134.00 100 -490 -374
30157.00 100 -473 -357
30182.00 100 -455 -340
30205.00 100 -438 -323
30230.00 100 -421 -306
30254.00 100 -403 -288
30277.00 100 -386 -271
30302.00 100 -368 -254
30325.00 100 -351 -237
30349.00 100 -334 -220
30373.00 100 -317 -203
30397.00 100 -299 -186
30420.00 100 -282 -169
30445.00 100 -265 -152
30469.00 100 -247 -135
30492.00 100 -230 -118
30517.00 100 -213 -101
30540.00 100 -195 -84
30564.00 100 -179 -68
30586.00 100 -162 -51
30609.00 -100 -162 -54
30633.00 -100 -165 -56
30657.00 -100 -170 -63
30681.00 -100 -178 -73
30705.00 -100 -187 -83
30729.00 -100 -197 -94
30752.00 -100 -208 -107
30778.00 -100 -222 -121
30802.00 -100 -238 -136
30828.00 -100 -253 -152
30853.00 -100 -270 -168
30877.00 -100 -286 -184
30903.00 -100 -304 -201
30927.00 -100 -321 -218
30952.00 -100 -339 -235
30978.00 -100 -357 -253
31002.00 -100 -375 -270
31028.00 -100 -393 -288
31052.00 -100 -411 -306
31077.00 -100 -429 -323
31102.00 -100 -448 -341
31127.00 -100 -466 -359
31152.00 -100 -484 -377
31177.00 -100 -503 -395
31202.00 -100 -521 -413
31227.00 -100 -540 -431
31252.00 -100 -558 -449
31277.00 -100 -577 -466
31302.00 -100 -595 -484
31327.00 -100 -613 -502
31351.00 -100 -632 -520
31377.00 -100 -650 -538
31401.00 -100 -669 -557
31427.00 -100 -688 -575
31452.00 -100 -706 -593
31476.00 -100 -724 -611
31502.00 -100 -743 -629
31526.00 -100 -762 -647
31551.00 -100 -780 -665
31577.00 -100 -799 -683
31601.00 -100 -817 -701
31627.00 -100 -836 -719
31651.00 -100 -854 -737
31676.00 -100 -873 -754
31702.00 -100 -891 -772
31726.00 -100 -910 -790
31751.00 -100 -928 -808
31776.00 -100 -947 -826
31801.00 -100 -965 -844
31826.00 -100 -984 -862
31851.00 -100 -1002 -881
31877.00 -100 -1022 -899
31903.00 -100 -1041 -918
31929.00 -100 -1060 -937
31954.00 -100 -1079 -955
31981.00 -100 -1099 -974
32007.00 -100 -1118 -993
32033.00 -100 -1137 -1012
32060.00 -100 -1157 -1031
32087.00 -100 -1177 -1051
32114.00 -100 -1197 -1070
32141.00 -100 -1217 -1090
32168.00 -100 -1237 -1109
32195.00 -100 -1258 -1129
32222.00 -100 -1278 -1149
32249.00 -100 -1298 -1168
32276.00 -100 -1318 -1188
32304.00 -100 -1338 -1207
32330.00 -100 -1358 -1227
32357.00 -100 -1378 -1246
32385.00 -100 -1398 -1266
32411.00 -100 -1418 -1285
32439.00 -100 -1438 -1305
32465.00 -100 -1458 -1324
32493.00 -100 -1478 -1343
32520.00 -100 -1498 -1363
32546.00 -100 -1518 -1382
32574.00 -100 -1538 -1401
32601.00 -100 -1558 -1421
32628.00 -100 -1578 -1440
32655.00 -100 -1598 -1460
32681.00 -100 -1618 -1479
32709.00 -100 -1638 -1498
32736.00 -100 -1658 -1518
32763.00 -100 -1678 -1537
32790.00 -100 -1698 -1557
32817.00 -100 -1718 -1576
32844.00 -100 -1738 -1596
32871.00 -100 -1758 -1615
32899.00 -100 -1778 -1635
32925.00 -100 -1798 -1654
32952.00 -100 -1818 -1674
32979.00 -100 -1838 -1693
33006.00 -100 -1858 -1713
33034.00 -100 -1878 -1732
33060.00 -100 -1898 -1752
33087.00 -100 -1918 -1771
33115.00 -100 -1938 -1791
33141.00 -100 -1959 -1810
33169.00 -100 -1979 -1830
33196.00 -100 -1999 -1849
33222.00 -100 -2019 -1869
33250.00 -100 -2039 -1888
33276.00 -100 -2059 -1907
33304.00 -100 -2079 -1927
33331.00 -100 -2099 -1946
33358.00 -100 -2119 -1966
33385.00 -100 -2139 -1985
33412.00 -100 -2159 -2005
33439.00 -100 -2180 -2024
33466.00 -100 -2200 -2044
33494.00 -100 -2220 -2063
33520.00 -100 -2240 -2083
33547.00 -100 -2260 -2102
33574.00 -100 -2280 -2122
33601.00 -100 -2300 -2141
33629.00 100 -2304 -2138
33654.00 100 -2302 -2137
33680.00 100 -2297 -2132
33707.00 100 -2289 -2125
33732.00 100 -2281 -2116
33759.00 100 -2270 -2104
33784.00 100 -2258 -2091
33810.00 100 -2243 -2075
33837.00 100 -2228 -2059
33862.00 100 -2211 -2043
33888.00 100 -2194 -2026
33914.00 100 -2177 -2009
33940.00 100 -2159 -1991
33967.00 100 -2141 -1973
33992.00 100 -2123 -1955
34018.00 100 -2105 -1937
34044.00 100 -2086 -1919
34070.00 100 -2068 -1900
34097.00 100 -2049 -1882
34122.00 100 -2030 -1863
34148.00 100 -2011 -1845
34174.00 100 -1993 -1826
34200.00 100 -1974 -1808
34227.00 100 -1955 -1789
34252.00 100 -1936 -1771
34278.00 100 -1917 -1752
34305.00 100 -1898 -1734
34330.00 100 -1880 -1715
34357.00 100 -1861 -1696
34382.00 100 -1842 -1678
34408.00 100 -1823 -1659
34435.00 100 -1804 -1640
34460.00 100 -1785 -1621
34486.00 100 -1766 -1602
34512.00 100 -1747 -1584
34538.00 100 -1728 -1565
34565.00 100 -1709 -1546
34590.00 100 -1690 -1527
34616.00 100 -1671 -1508
34642.00 100 -1652 -1490
34668.00 100 -1633 -1471
34695.00 100 -1614 -1452
34720.00 100 -1595 -1434
34746.00 100 -1576 -1415
34772.00 100 -1557 -1396
34798.00 100 -1538 -1377
34825.00 100 -1519 -1358
34850.00 100 -1500 -1339
34876.00 100 -1481 -1321
34903.00 100 -1462 -1302
34928.00 100 -1443 -1283
34955.00 100 -1424 -1265
34980.00 100 -1405 -1246
35006.00 100 -1386 -1227
35033.00 100 -1367 -1209
35058.00 100 -1348 -1190
35084.00 100 -1329 -1171
35110.00 100 -1310 -1153
35136.00 100 -1291 -1134
35163.00 100 -1272 -1115
35188.00 100 -1253 -1097
35214.00 100 -1234 -1078
35240.00 100 -1215 -1059
35266.00 100 -1196 -1040
35293.00 100 -1177 -1021
35318.00 100 -1158 -1003
35344.00 100 -1139 -984
35369.00 100 -1121 -966
35394.00 100 -1103 -948
35419.00 100 -1085 -930
35444.00 100 -1067 -912
35469.00 100 -1048 -894
35494.00 100 -1030 -876
35519.00 100 -1012 -858
35544.00 100 -994 -841
35568.00 100 -976 -824
35592.00 100 -959 -806
35615.00 100 -941 -789
35640.00 100 -924 -772
35663.00 100 -906 -755
35688.00 100 -889 -738
35712.00 100 -871 -721
35735.00 100 -854 -704
35760.00 100 -836 -686
35783.00 100 -819 -669
35807.00 100 -802 -652
35831.00 100 -784 -635
35855.00 100 -767 -618
35878.00 100 -750 -601
35903.00 100 -732 -583
35927.00 100 -715 -566
35950.00 100 -698 -549
35975.00 100 -680 -532
35998.00 100 -662 -514
36023.00 100 -645 -497
36046.00 100 -627 -480
36070.00 100 -610 -462
36094.00 100 -592 -445
36118.00 100 -575 -428
36142.00 100 -558 -410
36166.00 100 -540 -393
36190.00 100 -523 -376
36213.00 100 -505 -359
36238.00 100 -488 -342
36261.00 100 -470 -325
36286.00 100 -453 -307
36310.00 100 -435 -290
36333.00 100 -418 -273
36358.00 100 -401 -256
36381.00 100 -383 -238
36405.00 100 -365 -221
36429.00 100 -348 -204
36453.00 100 -331 -187
36476.00 100 -313 -170
36501.00 100 -296 -153
36525.00 100 -278 -135
36548.00 100 -261 -118
36573.00 100 -243 -101
36596.00 100 -226 -84
36620.00 100 -209 -67
36642.00 -100 -207 -70
36666.00 -100 -209 -73
36690.00 -100 -215 -80
36714.00 -100 -223 -89
36738.00 -100 -232 -100
36763.00 -100 -242 -112
36788.00 -100 -255 -125
36812.00 -100 -269 -140
36838.00 -100 -284 -155
36862.00 -100 -300 -170
36888.00 -100 -316 -186
36913.00 -100 -333 -203
36937.00 -100 -351 -220
36963.00 -100 -369 -237
36987.00 -100 -386 -254
37012.00 -100 -404 -271
37038.00 -100 -423 -289
37062.00 -100 -441 -307
37088.00 -100 -459 -325
37112.00 -100 -477 -342
37137.00 -100 -496 -360
37163.00 -100 -514 -378
37187.00 -100 -533 -396
37212.00 -100 -551 -414
37237.00 -100 -570 -432
37262.00 -100 -588 -450
37287.00 -100 -607 -468
37312.00 -100 -625 -486
37337.00 -100 -644 -504
37362.00 -100 -662 -522
37387.00 -100 -681 -540
37411.00 -100 -700 -558
37437.00 -100 -718 -576
37462.00 -100 -737 -595
37487.00 -100 -755 -613
37512.00 -100 -774 -631
37536.00 -100 -793 -649
37562.00 -100 -811 -667
37586.00 -100 -830 -685
37611.00 -100 -848 -703
37637.00 -100 -867 -721
37661.00 -100 -885 -739
37687.00 -100 -904 -757
37711.00 -100 -923 -775
37736.00 -100 -941 -793
37762.00 -100 -960 -810
37786.00 -100 -978 -828
37811.00 -100 -997 -846
37836.00 -100 -1015 -865
37862.00 -100 -1035 -884
37889.00 -100 -1054 -903
37914.00 -100 -1073 -921
37940.00 -100 -1093 -940
37966.00 -100 -1112 -959
37992.00 -100 -1131 -978
38019.00 -100 -1151 -997
38044.00 -100 -1170 -1016
38071.00 -100 -1190 -1035
38098.00 -100 -1210 -1055
38125.00 -100 -1230 -1074
38153.00 -100 -1250 -1094
38179.00 -100 -1270 -1113
38206.00 -100 -1290 -1133
38234.00 -100 -1311 -1153
38260.00 -100 -1331 -1172
38288.00 -100 -1351 -1192
38315.00 -100 -1371 -1212
38341.00 -100 -1391 -1231
38369.00 -100 -1411 -1251
38395.00 -100 -1431 -1270
38423.00 -100 -1451 -1289
38450.00 -100 -1472 -1309
38476.00 -100 -1492 -1328
38504.00 -100 -1512 -1348
38531.00 -100 -1532 -1367
38558.00 -100 -1552 -1387
38585.00 -100 -1572 -1406
38611.00 -100 -1592 -1426
38639.00 -100 -1612 -1445
38666.00 -100 -1632 -1465
38693.00 -100 -1652 -1484
38720.00 -100 -1672 -1503
38747.00 -100 -1692 -1523
38774.00 -100 -1712 -1542
38801.00 -100 -1732 -1562
38829.00 -100 -1753 -1582
38855.00 -100 -1773 -1601
38883.00 -100 -1793 -1621
38909.00 -100 -1813 -1640
38936.00 -100 -1833 -1660
38964.00 -100 -1853 -1679
38990.00 -100 -1873 -1699
39018.00 -100 -1893 -1719
39045.00 -100 -1913 -1738
39071.00 -100 -1933 -1758
39099.00 -100 -1954 -1777
39126.00 -100 -1974 -1797
39153.00 -100 -1994 -1816
39180.00 -100 -2014 -1836
39206.00 -100 -2034 -1855
39234.00 -100 -2054 -1874
39261.00 -100 -2074 -1894
39288.00 -100 -2094 -1913
39315.00 -100 -2114 -1933
39342.00 -100 -2134 -1952
39369.00 -100 -2154 -1972
39396.00 -100 -2175 -1991
39424.00 -100 -2195 -2011
39450.00 -100 -2215 -2030
39477.00 -100 -2235 -2050
39504.00 -100 -2255 -2069
39531.00 -100 -2275 -2088
39559.00 -100 -2295 -2108
39585.00 -100 -2315 -2127
39612.00 -100 -2335 -2147
39640.00 -100 -2356 -2166
39666.00 100 -2359 -2163
39693.00 100 -2356 -2161
39718.00 100 -2351 -2155
39744.00 100 -2344 -2147
39771.00 100 -2335 -2138
39796.00 100 -2325 -2127
39823.00 100 -2312 -2114
39848.00 100 -2297 -2098
39874.00 100 -2281 -2082
39901.00 100 -2265 -2066
39926.00 100 -2248 -2049
39953.00 100 -2230 -2031
39979.00 100 -2212 -2013
40004.00 100 -2194 -1995
40031.00 100 -2176 -1977
40056.00 100 -2157 -1959
40083.00 100 -2139 -1941
40109.00 100 -2120 -1922
40134.00 100 -2102 -1904
40161.00 100 -2083 -1885
40186.00 100 -2064 -1867
40213.00 100 -2045 -1848
40239.00 100 -2026 -1830
40264.00 100 -2007 -1811
40291.00 100 -1988 -1792
40316.00 100 -1969 -1774
40342.00 100 -1950 -1755
40369.00 100 -1931 -1737
40394.00 100 -1912 -1718
40421.00 100 -1894 -1699
40446.00 100 -1875 -1680
40472.00 100 -1856 -1662
40499.00 100 -1837 -1643
40524.00 100 -1818 -1624
40551.00 100 -1799 -1605
40577.00 100 -1780 -1586
40602.00 100 -1761 -1567
40629.00 100 -1742 -1549
40654.00 100 -1722 -1530
40681.00 100 -1704 -1511
40707.00 100 -1685 -1492
40732.00 100 -1665 -1474
40759.00 100 -1646 -1455
40784.00 100 -1627 -1436
40810.00 100 -1608 -1417
40837.00 100 -1589 -1398
40862.00 100 -1570 -1379
40889.00 100 -1551 -1360
40914.00 100 -1532 -1342
40940.00 100 -1513 -1323
40967.00 100 -1493 -1304
40992.00 100 -1474 -1285
41019.00 100 -1455 -1266
41044.00 100 -1436 -1248
41070.00 100 -1417 -1229
41097.00 100 -1398 -1210
41122.00 100 -1379 -1191
41149.00 100 -1360 -1173
41175.00 100 -1340 -1154
41200.00 100 -1321 -1135
41227.00 100 -1302 -1116
41252.00 100 -1283 -1097
41279.00 100 -1264 -1078
41305.00 100 -1245 -1059
41330.00 100 -1226 -1040
41357.00 100 -1207 -1021
41382.00 100 -1188 -1002
41408.00 100 -1168 -984
41434.00 100 -1150 -965
41458.00 100 -1132 -947
41484.00 100 -1113 -929
41508.00 100 -1095 -911
41533.00 100 -1077 -893
41559.00 100 -1058 -875
41583.00 100 -1040 -857
41608.00 100 -1022 -839
41633.00 100 -1004 -821
41658.00 100 -985 -804
41682.00 100 -968 -786
41706.00 100 -950 -769
41730.00 100 -932 -752
41754.00 100 -915 -734
41778.00 100 -897 -717
41801.00 100 -880 -700
41826.00 100 -862 -683
41849.00 100 -844 -666
41873.00 100 -826 -649
41897.00 100 -809 -632
41921.00 100 -791 -615
41946.00 100 -774 -597
41969.00 100 -756 -580
41993.00 100 -739 -562
42017.00 100 -721 -545
42041.00 100 -704 -528
42064.00 100 -686 -510
42089.00 100 -669 -493
42113.00 100 -651 -476
42136.00 100 -634 -458
42161.00 100 -616 -441
42184.00 100 -599 -424
42208.00 100 -581 -406
42232.00 100 -564 -389
42256.00 100 -546 -372
42280.00 100 -529 -355
42304.00 100 -511 -338
42328.00 100 -494 -321
42352.00 100 -477 -304
42376.00 100 -459 -286
42399.00 100 -441 -269
42424.00 100 -423 -252
42447.00 100 -406 -234
42471.00 100 -389 -217
42496.00 100 -371 -200
42519.00 100 -353 -183
42544.00 100 -336 -166
42567.00 100 -318 -149
42591.00 100 -301 -131
42615.00 100 -283 -114
42639.00 100 -266 -97
42661.00 100 -249 -80
42685.00 -100 -248 -83
42708.00 -100 -249 -85
42732.00 -100 -255 -92
42757.00 -100 -263 -101
42781.00 -100 -272 -112
42806.00 -100 -283 -124
42831.00 -100 -296 -137
42856.00 -100 -310 -152
42882.00 -100 -325 -167
42906.00 -100 -341 -182
42931.00 -100 -358 -198
42956.00 -100 -375 -215
42981.00 -100 -392 -232
43005.00 -100 -410 -249
43031.00 -100 -428 -266
43056.00 -100 -446 -284
43081.00 -100 -464 -301
43106.00 -100 -482 -319
43130.00 -100 -501 -337
43156.00 -100 -519 -355
43181.00 -100 -537 -372
43205.00 -100 -556 -390
43231.00 -100 -574 -408
43255.00 -100 -593 -426
43281.00 -100 -611 -444
43305.00 -100 -630 -462
43330.00 -100 -649 -480
43356.00 -100 -667 -498
43380.00 -100 -686 -516
43405.00 -100 -704 -534
43430.00 -100 -723 -552
43455.00 -100 -741 -570
43481.00 -100 -760 -589
43505.00 -100 -779 -607
43530.00 -100 -797 -625
43555.00 -100 -816 -643
43580.00 -100 -835 -661
43604.00 -100 -853 -679
43630.00 -100 -872 -697
43655.00 -100 -890 -714
43680.00 -100 -909 -732
43705.00 -100 -928 -750
43729.00 -100 -946 -768
43755.00 -100 -965 -786
43780.00 -100 -983 -804
43804.00 -100 -1002 -823
43831.00 -100 -1021 -842
43856.00 -100 -1040 -860
43883.00 -100 -1060 -879
43909.00 -100 -1079 -898
43934.00 -100 -1098 -917
43961.00 -100 -1118 -935
43986.00 -100 -1137 -954
44013.00 -100 -1156 -973
44039.00 -100 -1176 -992
44064.00 -100 -1195 -1010
44092.00 -100 -1215 -1030
44119.00 -100 -1235 -1049
44146.00 -100 -1255 -1069
44173.00 -100 -1275 -1088
44199.00 -100 -1295 -1108
44227.00 -100 -1315 -1128
44254.00 -100 -1335 -1148
44281.00 -100 -1355 -1167
44308.00 -100 -1376 -1187
44335.00 -100 -1396 -1206
44362.00 -100 -1416 -1226
44389.00 -100 -1436 -1245
44417.00 -100 -1456 -1265
44443.00 -100 -1476 -1284
44470.00 -100 -1496 -1304
44497.00 -100 -1516 -1323
44524.00 -100 -1536 -1343
44552.00 -100 -1556 -1362
44578.00 -100 -1577 -1381
44606.00 -100 -1597 -1401
44633.00 -100 -1617 -1420
44659.00 -100 -1637 -1440
44687.00 -100 -1657 -1459
44713.00 -100 -1677 -1479
44741.00 -100 -1697 -1498
44768.00 -100 -1717 -1517
44794.00 -100 -1737 -1537
44822.00 -100 -1757 -1556
44849.00 -100 -1777 -1576
44876.00 -100 -1797 -1596
44903.00 -100 -1817 -1615
44930.00 -100 -1837 -1635
44957.00 -100 -1857 -1654
44984.00 -100 -1877 -1674
45011.00 -100 -1898 -1694
45038.00 -100 -1918 -1713
45065.00 -100 -1938 -1733
45092.00 -100 -1958 -1752
45119.00 -100 -1978 -1772
45147.00 -100 -1998 -1792
45173.00 -100 -2019 -1811
45200.00 -100 -2039 -1831
45228.00 -100 -2059 -1850
45254.00 -100 -2079 -1870
45282.00 -100 -2099 -1889
45308.00 -100 -2120 -1909
45335.00 -100 -2140 -1928
45363.00 -100 -2160 -1948
45389.00 -100 -2180 -1967
45417.00 -100 -2200 -1987
45444.00 -100 -2220 -2006
45471.00 -100 -2241 -2026
45498.00 -100 -2261 -2045
45524.00 -100 -2281 -2065
45552.00 -100 -2301 -2084
45579.00 -100 -2321 -2104
45606.00 -100 -2341 -2123
45633.00 -100 -2362 -2143
45660.00 -100 -2382 -2162
45687.00 100 -2385 -2160
45713.00 100 -2383 -2158
45740.00 100 -2378 -2152
45765.00 100 -2370 -2142
45791.00 100 -2359 -2133
45817.00 100 -2349 -2122
45843.00 100 -2338 -2108
45869.00 100 -2323 -2093
45895.00 100 -2307 -2077
45921.00 100 -2290 -2060
45947.00 100 -2273 -2041
45973.00 100 -2256 -2024
45999.00 100 -2238 -2006
46025.00 100 -2220 -1988
46051.00 100 -2202 -1970
46077.00 100 -2184 -1951
46103.00 100 -2165 -1933
46129.00 100 -2146 -1915
46155.00 100 -2128 -1896
46181.00 100 -2109 -1877
46208.00 100 -2090 -1859
46233.00 100 -2071 -1841
46259.00 100 -2052 -1822
46285.00 100 -2033 -1803
46311.00 100 -2014 -1785
46338.00 100 -1995 -1766
46363.00 100 -1976 -1747
46389.00 100 -1958 -1729
46415.00 100 -1939 -1710
46441.00 100 -1920 -1691
46467.00 100 -1901 -1673
46493.00 100 -1882 -1654
46519.00 100 -1863 -1635
46545.00 100 -1844 -1616
46571.00 100 -1825 -1597
46597.00 100 -1806 -1578
46623.00 100 -1787 -1560
46649.00 100 -1768 -1541
46675.00 100 -1749 -1522
46701.00 100 -1730 -1503
46727.00 100 -1711 -1484
46753.00 100 -1692 -1466
46779.00 100 -1673 -1447
46806.00 100 -1654 -1428
46831.00 100 -1635 -1409
46857.00 100 -1616 -1390
46883.00 100 -1597 -1371
46909.00 100 -1578 -1353
46936.00 100 -1559 -1334
46961.00 100 -1540 -1315
46987.00 100 -1521 -1296
47013.00 100 -1502 -1278
47039.00 100 -1482 -1259
47065.00 100 -1463 -1240
47091.00 100 -1444 -1221
47117.00 100 -1425 -1203
47143.00 100 -1406 -1184
47169.00 100 -1387 -1165
47195.00 100 -1368 -1147
47221.00 100 -1349 -1128
47247.00 100 -1330 -1109
47273.00 100 -1311 -1091
47299.00 100 -1292 -1072
47325.00 100 -1273 -1053
47351.00 100 -1254 -1034
47377.00 100 -1235 -1015
47404.00 100 -1216 -996
47428.00 100 -1198 -978
47453.00 100 -1179 -960
47478.00 100 -1161 -942
47503.00 100 -1143 -924
47527.00 100 -1125 -906
47553.00 100 -1106 -888
47578.00 100 -1088 -870
47603.00 100 -1070 -852
47628.00 100 -1051 -834
47652.00 100 -1033 -816
47678.00 100 -1015 -798
47703.00 100 -997 -781
47726.00 100 -979 -763
47751.00 100 -962 -746
47774.00 100 -944 -729
47798.00 100 -927 -712
47822.00 100 -909 -695
47846.00 100 -892 -677
47870.00 100 -874 -660
47894.00 100 -857 -643
47918.00 100 -839 -626
47942.00 100 -821 -609
47966.00 100 -804 -592
47989.00 100 -786 -575
48014.00 100 -769 -559
48037.00 100 -752 -541
48061.00 100 -734 -524
48086.00 100 -716 -507
48109.00 100 -698 -489
48134.00 100 -681 -472
48157.00 100 -663 -455
48181.00 100 -646 -438
48205.00 100 -629 -421
48229.00 100 -611 -403
48252.00 100 -593 -386
48277.00 100 -576 -369
48301.00 100 -558 -351
48324.00 100 -541 -334
48349.00 100 -524 -317
48372.00 100 -506 -300
48396.00 100 -489 -283
48420.00 100 -471 -266
48444.00 100 -454 -250
48468.00 100 -436 -233
48492.00 100 -418 -216
48516.00 100 -401 -198
48540.00 100 -384 -179
48564.00 100 -367 -162
48587.00 100 -350 -145
48612.00 100 -332 -128
48635.00 100 -315 -111
48659.00 100 -298 -94
48683.00 100 -281 -78
48705.00 -100 -280 -82
48729.00 -100 -281 -85
48753.00 -100 -287 -92
48777.00 -100 -295 -101
48802.00 -100 -305 -112
48827.00 -100 -316 -124
48851.00 -100 -329 -137
48877.00 -100 -343 -152
48902.00 -100 -359 -167
48926.00 -100 -375 -182
48952.00 -100 -391 -198
48976.00 -100 -408 -215
49002.00 -100 -426 -232
49027.00 -100 -443 -249
49051.00 -100 -461 -266
49077.00 -100 -479 -284
49101.00 -100 -497 -301
49126.00 -100 -516 -318
49152.00 -100 -534 -336
49176.00 -100 -552 -353
49202.00 -100 -569 -371
49226.00 -100 -587 -389
49251.00 -100 -606 -407
49276.00 -100 -625 -425
49301.00 -100 -643 -443
49326.00 -100 -662 -461
49351.00 -100 -680 -479
49376.00 -100 -699 -497
49401.00 -100 -717 -515
49426.00 -100 -736 -533
49451.00 -100 -754 -551
49476.00 -100 -773 -569
49501.00 -100 -791 -587
49525.00 -100 -810 -605
49551.00 -100 -829 -623
49575.00 -100 -847 -641
49601.00 -100 -866 -659
49626.00 -100 -884 -677
49650.00 -100 -902 -694
49676.00 -100 -921 -712
49700.00 -100 -940 -730
49725.00 -100 -959 -748
49751.00 -100 -977 -765
49775.00 -100 -996 -783
49801.00 -100 -1014 -802
49826.00 -100 -1034 -820
49852.00 -100 -1053 -839
49879.00 -100 -1073 -858
49904.00 -100 -1092 -877
49931.00 -100 -1111 -895
49956.00 -100 -1131 -914
49982.00 -100 -1150 -933
50009.00 -100 -1169 -952
50034.00 -100 -1189 -970
50060.00 -100 -1208 -989
50086.00 -100 -1227 -1008
50113.00 -100 -1247 -1028
50141.00 -100 -1267 -1047
50167.00 -100 -1287 -1067
50194.00 -100 -1307 -1087
50222.00 -100 -1327 -1106
50248.00 -100 -1347 -1126
50276.00 -100 -1368 -1146
50302.00 -100 -1388 -1165
50330.00 -100 -1408 -1185
50357.00 -100 -1428 -1205
50383.00 -100 -1448 -1224
50411.00 -100 -1468 -1244
50438.00 -100 -1488 -1263
50465.00 -100 -1508 -1283
50492.00 -100 -1528 -1302
50519.00 -100 -1548 -1322
50546.00 -100 -1569 -1341
50573.00 -100 -1589 -1361
50600.00 -100 -1609 -1380
50627.00 -100 -1629 -1400
50654.00 -100 -1649 -1419
50681.00 -100 -1669 -1439
50708.00 -100 -1689 -1458
50736.00 -100 -1709 -1478
50762.00 -100 -1729 -1497
50789.00 -100 -1749 -1517
50817.00 -100 -1769 -1536
50843.00 -100 -1790 -1556
50871.00 -100 -1810 -1575
50897.00 -100 -1830 -1595
50924.00 -100 -1850 -1614
50952.00 -100 -1870 -1634
50978.00 -100 -1890 -1654
51006.00 -100 -1910 -1673
51033.00 -100 -1930 -1693
51059.00 -100 -1950 -1713
51087.00 -100 -1971 -1733
51113.00 -100 -1991 -1752
51141.00 -100 -2011 -1772
51168.00 -100 -2031 -1791
51195.00 -100 -2051 -1811
51222.00 -100 -2071 -1830
51249.00 -100 -2091 -1850
51276.00 -100 -2112 -1869
51303.00 -100 -2132 -1889
51331.00 -100 -2152 -1908
51357.00 -100 -2172 -1928
51384.00 -100 -2192 -1947
51411.00 -100 -2213 -1967
51438.00 -100 -2233 -1986
51466.00 -100 -2253 -2006
51492.00 -100 -2273 -2026
51519.00 -100 -2293 -2045
51547.00 -100 -2313 -2065
51573.00 -100 -2334 -2084
51601.00 -100 -2354 -2104
51628.00 -100 -2374 -2123
51654.00 -100 -2394 -2143
51682.00 -100 -2414 -2163
51708.00 100 -2417 -2160
51735.00 100 -2415 -2158
51761.00 100 -2409 -2152
51786.00 100 -2402 -2144
51813.00 100 -2392 -2135
51838.00 100 -2382 -2123
51865.00 100 -2369 -2110
51891.00 100 -2354 -2094
51916.00 100 -2338 -2078
51943.00 100 -2322 -2061
51969.00 100 -2305 -2044
51995.00 100 -2287 -2027
52021.00 100 -2270 -2009
52046.00 100 -2252 -1991
52073.00 100 -2233 -1973
52099.00 100 -2215 -1954
52124.00 100 -2196 -1936
52151.00 100 -2177 -1917
52176.00 100 -2158 -1899
52203.00 100 -2140 -1880
52229.00 100 -2121 -1861
52254.00 100 -2102 -1843
52281.00 100 -2083 -1824
52306.00 100 -2064 -1806
52333.00 100 -2045 -1787
52359.00 100 -2026 -1768
52384.00 100 -2007 -1750
52411.00 100 -1988 -1731
52436.00 100 -1969 -1712
52463.00 100 -1950 -1693
52489.00 100 -1931 -1675
52514.00 100 -1912 -1656
52541.00 100 -1893 -1637
52567.00 100 -1874 -1618
52593.00 100 -1855 -1599
52619.00 100 -1836 -1580
52644.00 100 -1817 -1561
52671.00 100 -1798 -1542
52697.00 100 -1779 -1524
52722.00 100 -1760 -1505
52749.00 100 -1741 -1486
52774.00 100 -1721 -1467
52801.00 100 -1702 -1448
52827.00 100 -1684 -1429
52852.00 100 -1664 -1410
52879.00 100 -1645 -1391
52904.00 100 -1626 -1372
52931.00 100 -1607 -1354
52957.00 100 -1588 -1335
52982.00 100 -1569 -1316
53009.00 100 -1550 -1297
53035.00 100 -1531 -1278
53061.00 100 -1512 -1259
53087.00 100 -1492 -1241
53112.00 100 -1473 -1222
53139.00 100 -1454 -1203
53165.00 100 -1435 -1184
53190.00 100 -1416 -1165
53217.00 100 -1397 -1147
53242.00 100 -1378 -1128
53269.00 100 -1359 -1109
53295.00 100 -1339 -1090
53320.00 100 -1320 -1071
53347.00 100 -1301 -1052
53372.00 100 -1282 -1033
53399.00 100 -1263 -1014
53425.00 100 -1244 -995
53449.00 100 -1226 -977
53475.00 100 -1207 -959
53499.00 100 -1189 -941
53525.00 100 -1171 -923
53550.00 100 -1152 -905
53574.00 100 -1134 -887
53600.00 100 -1116 -868
53624.00 100 -1097 -850
53649.00 100 -1079 -832
53675.00 100 -1061 -814
53699.00 100 -1042 -796
53725.00 100 -1024 -778
53749.00 100 -1006 -760
53774.00 100 -987 -743
53798.00 100 -970 -726
53822.00 100 -952 -708
53846.00 100 -935 -691
53870.00 100 -917 -674
53894.00 100 -899 -656
53917.00 100 -882 -639
53942.00 100 -864 -622
53965.00 100 -847 -605
53989.00 100 -829 -587
54013.00 100 -812 -570
54037.00 100 -794 -553
54062.00 100 -776 -535
54085.00 100 -759 -518
54109.00 100 -741 -500
54133.00 100 -724 -483
54157.00 100 -706 -465
54180.00 100 -689 -448
54205.00 100 -671 -431
54228.00 100 -654 -413
54252.00 100 -636 -396
54277.00 100 -619 -379
54300.00 100 -601 -361
54325.00 100 -583 -344
54348.00 100 -566 -326
54372.00 100 -548 -309
54396.00 100 -531 -292
54420.00 100 -513 -274
54444.00 100 -496 -257
54468.00 100 -478 -240
54492.00 100 -460 -222
54515.00 100 -443 -205
54540.00 100 -425 -188
54563.00 100 -408 -171
54587.00 100 -390 -154
54611.00 100 -372 -136
54635.00 100 -355 -119
54660.00 100 -337 -102
54683.00 100 -320 -85
54706.00 100 -303 -68
54729.00 -100 -302 -71
54753.00 -100 -303 -73
54776.00 -100 -309 -80
54801.00 -100 -317 -90
54824.00 -100 -326 -100
54849.00 -100 -337 -112
54875.00 -100 -350 -125
54899.00 -100 -364 -139
54925.00 -100 -380 -154
54949.00 -100 -396 -170
54974.00 -100 -412 -186
55000.00 -100 -430 -203
55024.00 -100 -447 -220
55049.00 -100 -465 -237
55074.00 -100 -482 -254
55099.00 -100 -500 -271
55124.00 -100 -518 -289
55149.00 -100 -537 -307
55174.00 -100 -555 -325
55199.00 -100 -573 -342
55224.00 -100 -591 -360
55248.00 -100 -610 -378
55274.00 -100 -628 -396
55299.00 -100 -647 -413
55324.00 -100 -665 -431
55349.00 -100 -684 -449
55373.00 -100 -702 -467
55399.00 -100 -721 -485
55424.00 -100 -739 -503
55448.00 -100 -758 -522
55474.00 -100 -777 -540
55498.00 -100 -795 -558
55524.00 -100 -814 -576
55548.00 -100 -832 -594
55573.00 -100 -851 -612
55599.00 -100 -869 -630
55623.00 -100 -888 -648
55648.00 -100 -907 -666
55673.00 -100 -925 -684
55698.00 -100 -944 -702
55724.00 -100 -963 -720
55748.00 -100 -981 -738
55773.00 -100 -1000 -756
55799.00 -100 -1019 -775
55825.00 -100 -1038 -794
55851.00 -100 -1058 -812
55877.00 -100 -1077 -831
55903.00 -100 -1097 -850
55929.00 -100 -1116 -869
55955.00 -100 -1135 -887
55981.00 -100 -1154 -906
56007.00 -100 -1174 -925
56033.00 -100 -1193 -943
56059.00 -100 -1212 -962
56085.00 -100 -1232 -981
56111.00 -100 -1251 -1000
56138.00 -100 -1271 -1019
56165.00 -100 -1291 -1039
56193.00 -100 -1311 -1058
56219.00 -100 -1332 -1078
56246.00 -100 -1352 -1097
56273.00 -100 -1372 -1117
56300.00 -100 -1392 -1137
56328.00 -100 -1412 -1156
56354.00 -100 -1432 -1176
56381.00 -100 -1452 -1195
56409.00 -100 -1473 -1215
56435.00 -100 -1493 -1234
56463.00 -100 -1513 -1254
56489.00 -100 -1533 -1273
56516.00 -100 -1553 -1293
56544.00 -100 -1573 -1312
56570.00 -100 -1593 -1332
56598.00 -100 -1613 -1351
56625.00 -100 -1633 -1371
56651.00 -100 -1654 -1390
56679.00 -100 -1674 -1410
56706.00 -100 -1694 -1429
56733.00 -100 -1714 -1448
56760.00 -100 -1734 -1468
56787.00 -100 -1754 -1487
56814.00 -100 -1774 -1507
56841.00 -100 -1794 -1526
56868.00 -100 -1814 -1546
56895.00 -100 -1834 -1565
56923.00 -100 -1854 -1585
56949.00 -100 -1874 -1604
56976.00 -100 -1895 -1624
57004.00 -100 -1915 -1644
57030.00 -100 -1935 -1663
57058.00 -100 -1955 -1683
57084.00 -100 -1975 -1703
57111.00 -100 -1995 -1723
57139.00 -100 -2016 -1742
57165.00 -100 -2036 -1762
57193.00 -100 -2056 -1781
57220.00 -100 -2076 -1801
57246.00 -100 -2097 -1820
57274.00 -100 -2117 -1840
57300.00 -100 -2137 -1859
57328.00 -100 -2157 -1879
57355.00 -100 -2177 -1898
57381.00 -100 -2198 -1918
57409.00 -100 -2218 -1938
57436.00 -100 -2238 -1957
57463.00 -100 -2258 -1977
57490.00 -100 -2279 -1996
57517.00 -100 -2299 -2016
57544.00 -100 -2319 -2035
57571.00 -100 -2339 -2055
57598.00 -100 -2360 -2074
57625.00 -100 -2380 -2094
57653.00 -100 -2400 -2113
57679.00 -100 -2420 -2133
57706.00 -100 -2440 -2152
57734.00 100 -2442 -2150
57759.00 100 -2442 -2148
57786.00 100 -2437 -2142
57811.00 100 -2429 -2134
57837.00 100 -2420 -2125
57864.00 100 -2410 -2114
57889.00 100 -2397 -2101
57915.00 100 -2382 -2085
57942.00 100 -2367 -2069
57967.00 100 -2350 -2053
57994.00 100 -2333 -2036
58019.00 100 -2316 -2018
58045.00 100 -2298 -2000
58072.00 100 -2280 -1982
58097.00 100 -2262 -1964
58124.00 100 -2243 -1946
58149.00 100 -2225 -1927
58175.00 100 -2206 -1909
58202.00 100 -2187 -1890
58227.00 100 -2169 -1872
58254.00 100 -2150 -1853
58279.00 100 -2131 -1834
58305.00 100 -2112 -1816
58332.00 100 -2093 -1797
58357.00 100 -2074 -1778
58384.00 100 -2055 -1760
58409.00 100 -2036 -1741
58435.00 100 -2017 -1723
58462.00 100 -1998 -1704
58487.00 100 -1979 -1686
58513.00 100 -1960 -1667
58540.00 100 -1941 -1649
58565.00 100 -1922 -1630
58592.00 100 -1903 -1611
58617.00 100 -1884 -1592
58643.00 100 -1865 -1573
58670.00 100 -1846 -1554
58695.00 100 -1827 -1535
58722.00 100 -1808 -1516
58747.00 100 -1789 -1497
58773.00 100 -1770 -1479
58800.00 100 -1751 -1460
58825.00 100 -1732 -1441
58852.00 100 -1713 -1422
58877.00 100 -1694 -1403
58903.00 100 -1675 -1384
58930.00 100 -1655 -1365
58955.00 100 -1636 -1346
58981.00 100 -1617 -1328
59008.00 100 -1598 -1309
59033.00 100 -1579 -1290
59060.00 100 -1560 -1271
59085.00 100 -1541 -1252
59111.00 100 -1522 -1234
59138.00 100 -1502 -1215
59163.00 100 -1483 -1196
59190.00 100 -1464 -1177
59215.00 100 -1445 -1159
59241.00 100 -1426 -1140
59268.00 100 -1407 -1121
59293.00 100 -1388 -1103
59320.00 100 -1369 -1084
59345.00 100 -1350 -1065
59371.00 100 -1331 -1046
59398.00 100 -1312 -1027
59423.00 100 -1293 -1008
59450.00 100 -1274 -989
59474.00 100 -1255 -971
59499.00 100 -1237 -953
59525.00 100 -1219 -935
59549.00 100 -1200 -917
59574.00 100 -1182 -898
59599.00 100 -1163 -880
59624.00 100 -1145 -862
59650.00 100 -1127 -844
59674.00 100 -1108 -826
59699.00 100 -1090 -808
59724.00 100 -1072 -790
59749.00 100 -1053 -771
59773.00 100 -1035 -753
59799.00 100 -1016 -735
59824.00 100 -998 -718
59848.00 100 -980 -701
59872.00 100 -963 -684
59895.00 100 -945 -666
59920.00 100 -928 -649
59943.00 100 -910 -632
59967.00 100 -892 -615
59992.00 100 -875 -598
60015.00 100 -857 -581
60039.00 100 -840 -564
60063.00 100 -822 -546
60087.00 100 -805 -529
60110.00 100 -787 -512
60135.00 100 -770 -494
60158.00 100 -752 -477
60183.00 100 -735 -459
60207.00 100 -717 -442
60230.00 100 -700 -425
60255.00 100 -682 -407
60278.00 100 -665 -390
60302.00 100 -647 -373
60326.00 100 -630 -356
60350.00 100 -612 -338
60374.00 100 -594 -321
60398.00 100 -577 -304
60422.00 100 -559 -286
60445.00 100 -542 -269
60470.00 100 -524 -252
60493.00 100 -507 -234
60518.00 100 -489 -217
60541.00 100 -471 -200
60565.00 100 -454 -183
60590.00 100 -436 -165
60613.00 100 -419 -148
60637.00 100 -401 -131
60661.00 100 -384 -114
60685.00 100 -366 -96
60707.00 100 -349 -80
60731.00 100 -333 -64
60753.00 -100 -332 -68
60777.00 -100 -335 -71
60802.00 -100 -340 -78
60825.00 -100 -348 -87
60850.00 -100 -357 -98
60873.00 -100 -367 -109
60898.00 -100 -380 -122
60923.00 -100 -394 -137
60948.00 -100 -409 -152
60973.00 -100 -425 -168
60998.00 -100 -442 -184
61023.00 -100 -459 -201
61048.00 -100 -476 -218
61073.00 -100 -494 -235
61097.00 -100 -511 -252
61123.00 -100 -529 -269
61148.00 -100 -548 -287
61172.00 -100 -566 -305
61198.00 -100 -584 -322
61222.00 -100 -602 -340
61248.00 -100 -621 -358
61273.00 -100 -639 -376
61297.00 -100 -658 -394
61323.00 -100 -676 -412
61347.00 -100 -695 -430
61372.00 -100 -713 -448
61398.00 -100 -732 -466
61422.00 -100 -750 -484
61448.00 -100 -769 -502
61472.00 -100 -787 -520
61497.00 -100 -806 -538
61522.00 -100 -824 -556
61547.00 -100 -843 -574
61572.00 -100 -861 -592
61597.00 -100 -879 -610
61622.00 -100 -898 -628
61647.00 -100 -916 -646
61672.00 -100 -935 -664
61697.00 -100 -953 -681
61722.00 -100 -972 -699
61747.00 -100 -990 -717
61771.00 -100 -1009 -735
61798.00 -100 -1028 -754
61824.00 -100 -1047 -773
61850.00 -100 -1066 -791
61876.00 -100 -1085 -810
61901.00 -100 -1105 -828
61928.00 -100 -1124 -847
61954.00 -100 -1143 -866
61980.00 -100 -1163 -885
62006.00 -100 -1182 -903
62031.00 -100 -1201 -922
62058.00 -100 -1221 -941
62084.00 -100 -1240 -959
62109.00 -100 -1259 -978
62136.00 -100 -1278 -997
62161.00 -100 -1298 -1016
62189.00 -100 -1318 -1035
62216.00 -100 -1338 -1055
62242.00 -100 -1358 -1074
62270.00 -100 -1378 -1094
62297.00 -100 -1398 -1114
62324.00 -100 -1418 -1133
62351.00 -100 -1438 -1153
62379.00 -100 -1458 -1172
62405.00 -100 -1478 -1192
62432.00 -100 -1499 -1211
62459.00 -100 -1519 -1231
62486.00 -100 -1539 -1250
62514.00 -100 -1559 -1270
62540.00 -100 -1579 -1289
62567.00 -100 -1599 -1309
62595.00 -100 -1619 -1328
62621.00 -100 -1639 -1348
62649.00 -100 -1659 -1367
62675.00 -100 -1680 -1387
62702.00 -100 -1700 -1406
62730.00 -100 -1720 -1425
62756.00 -100 -1740 -1445
62784.00 -100 -1760 -1464
62811.00 -100 -1780 -1484
62837.00 -100 -1800 -1503
62865.00 -100 -1820 -1523
62892.00 -100 -1840 -1542
62919.00 -100 -1860 -1562
62946.00 -100 -1880 -1581
62972.00 -100 -1900 -1601
63000.00 -100 -1920 -1620
63027.00 -100 -1941 -1640
63054.00 -100 -1961 -1660
63081.00 -100 -1981 -1679
63108.00 -100 -2001 -1699
63135.00 -100 -2021 -1719
63162.00 -100 -2041 -1738
63190.00 -100 -2061 -1758
63216.00 -100 -2081 -1777
63244.00 -100 -2102 -1797
63270.00 -100 -2122 -1816
63297.00 -100 -2142 -1835
63325.00 -100 -2162 -1855
63351.00 -100 -2182 -1874
63379.00 -100 -2202 -1894
63406.00 -100 -2222 -1913
63432.00 -100 -2242 -1933
63460.00 -100 -2262 -1952
63486.00 -100 -2282 -1971
63514.00 -100 -2302 -1991
63541.00 -100 -2322 -2010
63567.00 -100 -2343 -2030
63595.00 -100 -2363 -2049
63622.00 -100 -2383 -2068
63649.00 -100 -2402 -2088
63676.00 -100 -2423 -2107
63703.00 -100 -2443 -2127
63730.00 -100 -2463 -2146
63757.00 100 -2466 -2144
63783.00 100 -2464 -2142
63809.00 100 -2459 -2136
63835.00 100 -2451 -2128
63861.00 100 -2442 -2119
63887.00 100 -2432 -2108
63913.00 100 -2419 -2095
63939.00 100 -2405 -2080
63965.00 100 -2389 -2064
63991.00 100 -2373 -2047
64017.00 100 -2356 -2030
64044.00 100 -2338 -2013
64069.00 100 -2320 -1995
64095.00 100 -2302 -1977
64121.00 100 -2284 -1959
64147.00 100 -2265 -1940
64173.00 100 -2247 -1922
64199.00 100 -2228 -1903
64225.00 100 -2209 -1885
64251.00 100 -2190 -1866
64277.00 100 -2171 -1848
64303.00 100 -2152 -1829
64329.00 100 -2133 -1811
64355.00 100 -2114 -1792
64381.00 100 -2095 -1773
64407.00 100 -2077 -1755
64433.00 100 -2058 -1736
64459.00 100 -2038 -1718
64485.00 100 -2020 -1699
64512.00 100 -2001 -1681
64537.00 100 -1982 -1662
64563.00 100 -1963 -1643
64589.00 100 -1944 -1624
64615.00 100 -1925 -1605
64642.00 100 -1906 -1586
64667.00 100 -1887 -1568
64693.00 100 -1868 -1549
64719.00 100 -1849 -1530
64745.00 100 -1830 -1511
64771.00 100 -1811 -1492
64797.00 100 -1792 -1473
64823.00 100 -1772 -1455
64849.00 100 -1754 -1436
64875.00 100 -1734 -1417
64901.00 100 -1715 -1398
64927.00 100 -1696 -1379
64953.00 100 -1677 -1360
64979.00 100 -1658 -1341
65005.00 100 -1639 -1323
65031.00 100 -1620 -1304
65057.00 100 -1601 -1285
65083.00 100 -1582 -1266
65110.00 100 -1563 -1248
65135.00 100 -1543 -1229
65161.00 100 -1525 -1210
65187.00 100 -1506 -1192
65213.00 100 -1486 -1173
65240.00 100 -1467 -1154
65265.00 100 -1448 -1135
65291.00 100 -1429 -1117
65317.00 100 -1410 -1098
65343.00 100 -1391 -1079
65369.00 100 -1372 -1060
65395.00 100 -1353 -1041
65421.00 100 -1333 -1022
65447.00 100 -1315 -1003
65473.00 100 -1295 -984
65498.00 100 -1277 -966
65523.00 100 -1259 -948
65548.00 100 -1240 -930
65573.00 100 -1222 -912
65598.00 100 -1204 -893
65623.00 100 -1185 -875
65648.00 100 -1167 -857
65673.00 100 -1149 -839
65697.00 100 -1130 -821
65723.00 100 -1112 -803
65747.00 100 -1093 -785
65773.00 100 -1075 -767
65798.00 100 -1057 -749
65822.00 100 -1038 -731
65848.00 100 -1020 -713
65872.00 100 -1002 -695
65897.00 100 -983 -678
65922.00 100 -966 -660
65945.00 100 -948 -643
65969.00 100 -930 -626
65993.00 100 -913 -609
66017.00 100 -895 -592
66041.00 100 -878 -575
66065.00 100 -860 -558
66088.00 100 -843 -541
66113.00 100 -825 -523
66137.00 100 -808 -506
66160.00 100 -790 -489
66185.00 100 -773 -471
66208.00 100 -755 -454
66232.00 100 -738 -437
66256.00 100 -721 -419
66280.00 100 -703 -402
66305.00 100 -686 -385
66328.00 100 -668 -368
66352.00 100 -651 -350
66376.00 100 -633 -333
66400.00 100 -616 -316
66423.00 100 -598 -298
66448.00 100 -581 -281
66471.00 100 -563 -264
66495.00 100 -545 -247
66520.00 100 -528 -229
66543.00 100 -511 -212
66567.00 100 -493 -195
66591.00 100 -476 -177
66615.00 100 -458 -160
66639.00 100 -441 -143
66663.00 100 -423 -126
66686.00 100 -405 -108
66711.00 100 -388 -91
66734.00 100 -371 -75
66756.00 100 -354 -58
66780.00 -100 -354 -61
66803.00 -100 -356 -64
66827.00 -100 -362 -71
66851.00 -100 -370 -80
66875.00 -100 -379 -91
66898.00 -100 -389 -102
66924.00 -100 -402 -115
66949.00 -100 -416 -130
66974.00 -100 -431 -145
66999.00 -100 -447 -161
67023.00 -100 -464 -177
67049.00 -100 -481 -193
67074.00 -100 -498 -210
67098.00 -100 -516 -227
67124.00 -100 -533 -244
67148.00 -100 -551 -262
67174.00 -100 -569 -280
67198.00 -100 -588 -297
67223.00 -100 -606 -315
67249.00 -100 -624 -333
67273.00 -100 -643 -351
67298.00 -100 -661 -368
67323.00 -100 -680 -386
67348.00 -100 -698 -404
67374.00 -100 -716 -422
67398.00 -100 -735 -440
67423.00 -100 -753 -458
67448.00 -100 -772 -476
67473.00 -100 -790 -494
67497.00 -100 -809 -512
67523.00 -100 -827 -530
67548.00 -100 -845 -548
67573.00 -100 -864 -566
67598.00 -100 -882 -584
67622.00 -100 -900 -602
67648.00 -100 -919 -620
67673.00 -100 -937 -638
67697.00 -100 -956 -655
67723.00 -100 -974 -673
67747.00 -100 -993 -691
67773.00 -100 -1011 -709
67799.00 -100 -1030 -727
67824.00 -100 -1049 -746
67851.00 -100 -1068 -764
67876.00 -100 -1087 -783
67903.00 -100 -1106 -801
67929.00 -100 -1125 -820
67954.00 -100 -1145 -838
67981.00 -100 -1164 -857
68006.00 -100 -1183 -876
68032.00 -100 -1202 -894
68059.00 -100 -1222 -913
68084.00 -100 -1241 -932
68111.00 -100 -1260 -950
68136.00 -100 -1279 -969
68162.00 -100 -1299 -988
68189.00 -100 -1318 -1007
68215.00 -100 -1338 -1026
68243.00 -100 -1358 -1046
68270.00 -100 -1378 -1065
68296.00 -100 -1398 -1085
68324.00 -100 -1418 -1105
68350.00 -100 -1438 -1124
68378.00 -100 -1458 -1144
68405.00 -100 -1478 -1164
68431.00 -100 -1499 -1183
68459.00 -100 -1519 -1203
68486.00 -100 -1539 -1222
68513.00 -100 -1559 -1242
68540.00 -100 -1579 -1261
68568.00 -100 -1599 -1280
68594.00 -100 -1619 -1300
68621.00 -100 -1639 -1319
68648.00 -100 -1659 -1339
68675.00 -100 -1679 -1358
68703.00 -100 -1699 -1378
68729.00 -100 -1719 -1397
68756.00 -100 -1740 -1416
68784.00 -100 -1760 -1436
68810.00 -100 -1780 -1455
68838.00 -100 -1800 -1475
68865.00 -100 -1820 -1494
68891.00 -100 -1840 -1514
68919.00 -100 -1860 -1533
68945.00 -100 -1880 -1553
68973.00 -100 -1901 -1572
69000.00 -100 -1921 -1592
69026.00 -100 -1941 -1612
69054.00 -100 -1961 -1631
69081.00 -100 -1981 -1651
69108.00 -100 -2001 -1671
69135.00 -100 -2021 -1691
69161.00 -100 -2041 -1710
69189.00 -100 -2061 -1730
69216.00 -100 -2082 -1750
69243.00 -100 -2102 -1769
69270.00 -100 -2122 -1789
69297.00 -100 -2142 -1808
69324.00 -100 -2162 -1828
69351.00 -100 -2183 -1847
69379.00 -100 -2203 -1866
69405.00 -100 -2223 -1886
69433.00 -100 -2243 -1905
69459.00 -100 -2263 -1925
69486.00 -100 -2282 -1944
69514.00 -100 -2303 -1964
69540.00 -100 -2323 -1983
69568.00 -100 -2343 -2002
69595.00 -100 -2363 -2022
69621.00 -100 -2383 -2041
69649.00 -100 -2403 -2061
69676.00 -100 -2423 -2080
69703.00 -100 -2443 -2100
69730.00 -100 -2463 -2119
69756.00 -100 -2483 -2139
69784.00 100 -2487 -2136
69810.00 100 -2487 -2135
69836.00 100 -2481 -2130
69862.00 100 -2473 -2122
69888.00 100 -2464 -2113
69914.00 100 -2454 -2102
69940.00 100 -2442 -2089
69966.00 100 -2427 -2074
69992.00 100 -2411 -2057
70018.00 100 -2395 -2041
70044.00 100 -2378 -2024
70070.00 100 -2360 -2007
70095.00 100 -2342 -1989
70122.00 100 -2324 -1971
70148.00 100 -2306 -1953
70174.00 100 -2287 -1934
70200.00 100 -2269 -1916
70225.00 100 -2250 -1897
70252.00 100 -2231 -1879
70278.00 100 -2212 -1860
70304.00 100 -2193 -1841
70330.00 100 -2174 -1823
70355.00 100 -2155 -1804
70382.00 100 -2136 -1786
70408.00 100 -2117 -1767
70434.00 100 -2098 -1748
70460.00 100 -2079 -1730
70486.00 100 -2060 -1711
70512.00 100 -2041 -1693
70538.00 100 -2022 -1674
70564.00 100 -2003 -1655
70590.00 100 -1984 -1636
70616.00 100 -1965 -1617
70642.00 100 -1946 -1598
70668.00 100 -1927 -1579
70693.00 100 -1908 -1560
70720.00 100 -1889 -1542
70746.00 100 -1870 -1523
70772.00 100 -1851 -1503
70798.00 100 -1832 -1484
70823.00 100 -1813 -1466
70850.00 100 -1794 -1447
70876.00 100 -1775 -1428
70902.00 100 -1756 -1409
70928.00 100 -1736 -1390
70953.00 100 -1717 -1371
70980.00 100 -1698 -1352
71006.00 100 -1679 -1333
71032.00 100 -1660 -1314
71058.00 100 -1641 -1296
71084.00 100 -1622 -1277
71110.00 100 -1603 -1258
71136.00 100 -1583 -1239
71161.00 100 -1564 -1220
71188.00 100 -1545 -1202
71214.00 100 -1526 -1183
71240.00 100 -1507 -1165
71266.00 100 -1488 -1146
71291.00 100 -1468 -1127
71318.00 100 -1449 -1108
71344.00 100 -1430 -1089
71370.00 100 -1411 -1070
71396.00 100 -1392 -1051
71421.00 100 -1373 -1032
71448.00 100 -1354 -1013
71474.00 100 -1335 -994
71499.00 100 -1316 -976
71524.00 100 -1298 -958
71548.00 100 -1280 -939
71574.00 100 -1261 -921
71599.00 100 -1243 -903
71623.00 100 -1224 -885
71649.00 100 -1206 -866
71673.00 100 -1188 -848
71699.00 100 -1169 -830
71724.00 100 -1150 -812
71748.00 100 -1132 -793
71774.00 100 -1113 -775
71798.00 100 -1095 -757
71823.00 100 -1077 -739
71848.00 100 -1058 -721
71873.00 100 -1040 -703
71899.00 100 -1021 -685
71923.00 100 -1003 -667
71948.00 100 -984 -650
71972.00 100 -967 -632
71996.00 100 -949 -615
72019.00 100 -932 -598
72044.00 100 -914 -581
72068.00 100 -897 -564
72091.00 100 -879 -547
72116.00 100 -862 -529
72139.00 100 -844 -512
72164.00 100 -826 -494
72187.00 100 -809 -477
72211.00 100 -791 -459
72236.00 100 -774 -442
72259.00 100 -756 -425
72283.00 100 -739 -407
72307.00 100 -721 -390
72331.00 100 -704 -373
72354.00 100 -686 -355
72379.00 100 -669 -338
72402.00 100 -651 -321
72426.00 100 -634 -303
72451.00 100 -616 -286
72474.00 100 -598 -269
72499.00 100 -581 -251
72522.00 100 -563 -234
72546.00 100 -546 -216
72570.00 100 -528 -199
72594.00 100 -511 -182
72617.00 100 -493 -164
72642.00 100 -475 -147
72666.00 100 -458 -130
72689.00 100 -440 -112
72714.00 100 -423 -95
72736.00 100 -406 -79
72759.00 100 -389 -62
72782.00 100 -372 -46
72805.00 -100 -371 -50
72829.00 -100 -372 -53
72853.00 -100 -378 -60
72877.00 -100 -386 -70
72901.00 -100 -394 -80
72925.00 -100 -405 -92
72948.00 -100 -417 -104
72974.00 -100 -431 -119
72998.00 -100 -447 -134
73023.00 -100 -463 -149
73049.00 -100 -479 -166
73073.00 -100 -496 -182
73099.00 -100 -514 -199
73123.00 -100 -531 -216
73148.00 -100 -549 -233
73174.00 -100 -567 -251
73198.00 -100 -585 -268
73223.00 -100 -603 -286
73248.00 -100 -622 -304
73273.00 -100 -640 -322
73298.00 -100 -659 -340
73323.00 -100 -677 -357
73348.00 -100 -696 -375
73373.00 -100 -714 -393
73398.00 -100 -732 -411
73422.00 -100 -751 -429
73448.00 -100 -769 -447
73473.00 -100 -788 -465
73498.00 -100 -806 -483
73523.00 -100 -825 -501
73547.00 -100 -843 -519
73573.00 -100 -862 -537
73597.00 -100 -880 -555
73622.00 -100 -898 -573
73648.00 -100 -917 -591
73672.00 -100 -935 -609
73698.00 -100 -954 -627
73722.00 -100 -972 -645
73747.00 -100 -991 -663
73773.00 -100 -1009 -681
73798.00 -100 -1028 -699
73824.00 -100 -1047 -718
73850.00 -100 -1066 -736
73876.00 -100 -1085 -755
73903.00 -100 -1105 -773
73928.00 -100 -1124 -792
73954.00 -100 -1143 -810
73980.00 -100 -1162 -829
74006.00 -100 -1181 -847
74033.00 -100 -1200 -866
74058.00 -100 -1219 -884
74084.00 -100 -1239 -903
74110.00 -100 -1258 -921
74136.00 -100 -1277 -940
74163.00 -100 -1296 -959
74188.00 -100 -1315 -977
74214.00 -100 -1335 -996
74241.00 -100 -1354 -1015
74267.00 -100 -1374 -1034
74295.00 -100 -1394 -1054
74321.00 -100 -1414 -1073
74348.00 -100 -1434 -1093
74376.00 -100 -1454 -1113
74402.00 -100 -1474 -1132
74430.00 -100 -1494 -1152
74457.00 -100 -1515 -1171
74483.00 -100 -1535 -1191
74511.00 -100 -1555 -1211
74537.00 -100 -1575 -1230
74565.00 -100 -1595 -1249
74592.00 -100 -1615 -1269
74618.00 -100 -1635 -1288
74646.00 -100 -1655 -1308
74673.00 -100 -1675 -1327
74700.00 -100 -1695 -1347
74727.00 -100 -1715 -1366
74754.00 -100 -1736 -1386
74781.00 -100 -1756 -1405
74808.00 -100 -1776 -1425
74835.00 -100 -1796 -1444
74862.00 -100 -1816 -1464
74889.00 -100 -1836 -1483
74916.00 -100 -1856 -1502
74943.00 -100 -1877 -1522
74971.00 -100 -1897 -1541
74997.00 -100 -1917 -1561
75025.00 -100 -1937 -1581
75052.00 -100 -1957 -1600
75078.00 -100 -1977 -1620
75106.00 -100 -1997 -1639
75132.00 -100 -2017 -1659
75160.00 -100 -2037 -1679
75187.00 -100 -2058 -1699
75213.00 -100 -2078 -1718
75241.00 -100 -2098 -1738
75268.00 -100 -2118 -1757
75295.00 -100 -2139 -1777
75322.00 -100 -2159 -1796
75348.00 -100 -2179 -1816
75376.00 -100 -2199 -1835
75403.00 -100 -2219 -1854
75430.00 -100 -2239 -1874
75457.00 -100 -2259 -1893
75484.00 -100 -2279 -1913
75511.00 -100 -2299 -1932
75538.00 -100 -2319 -1951
75566.00 -100 -2339 -1971
75592.00 -100 -2359 -1990
75619.00 -100 -2379 -2010
75646.00 -100 -2399 -2029
75673.00 -100 -2419 -2048
75701.00 -100 -2439 -2068
75727.00 -100 -2459 -2087
75754.00 -100 -2479 -2107
75782.00 -100 -2499 -2126
75808.00 100 -2502 -2124
75835.00 100 -2500 -2122
75860.00 100 -2494 -2117
75886.00 100 -2486 -2110
75913.00 100 -2477 -2101
75938.00 100 -2467 -2090
75965.00 100 -2454 -2076
75991.00 100 -2440 -2061
76016.00 100 -2424 -2044
76043.00 100 -2407 -2028
76068.00 100 -2390 -2011
76095.00 100 -2373 -1993
76121.00 100 -2355 -1975
76146.00 100 -2336 -1957
76173.00 100 -2318 -1939
76198.00 100 -2299 -1921
76225.00 100 -2281 -1902
76251.00 100 -2262 -1884
76276.00 100 -2243 -1865
76303.00 100 -2224 -1847
76328.00 100 -2205 -1828
76355.00 100 -2186 -1809
76381.00 100 -2167 -1791
76406.00 100 -2148 -1772
76433.00 100 -2129 -1753
76459.00 100 -2110 -1735
76484.00 100 -2091 -1716
76511.00 100 -2072 -1698
76536.00 100 -2053 -1679
76563.00 100 -2034 -1660
76589.00 100 -2015 -1641
76614.00 100 -1996 -1622
76641.00 100 -1977 -1603
76666.00 100 -1958 -1584
76693.00 100 -1939 -1565
76719.00 100 -1920 -1546
76744.00 100 -1901 -1527
76771.00 100 -1882 -1508
76796.00 100 -1862 -1489
76823.00 100 -1843 -1470
76849.00 100 -1824 -1451
76874.00 100 -1805 -1433
76901.00 100 -1786 -1414
76926.00 100 -1767 -1395
76952.00 100 -1748 -1376
76979.00 100 -1729 -1357
77004.00 100 -1710 -1338
77031.00 100 -1691 -1319
77057.00 100 -1672 -1300
77082.00 100 -1653 -1281
77109.00 100 -1634 -1263
77134.00 100 -1614 -1244
77161.00 100 -1595 -1225
77187.00 100 -1576 -1206
77212.00 100 -1557 -1188
77239.00 100 -1538 -1169
77264.00 100 -1519 -1150
77291.00 100 -1500 -1132
77317.00 100 -1481 -1113
77342.00 100 -1461 -1094
77369.00 100 -1442 -1075
77394.00 100 -1423 -1056
77421.00 100 -1404 -1037
77447.00 100 -1385 -1018
77472.00 100 -1366 -999
77498.00 100 -1347 -981
77522.00 100 -1329 -962
77547.00 100 -1311 -944
77573.00 100 -1292 -926
77597.00 100 -1274 -908
77623.00 100 -1255 -889
77647.00 100 -1237 -871
77672.00 100 -1219 -853
77698.00 100 -1200 -835
77722.00 100 -1182 -817
77747.00 100 -1163 -798
77772.00 100 -1145 -780
77797.00 100 -1126 -762
77822.00 100 -1108 -744
77847.00 100 -1089 -726
77872.00 100 -1071 -708
77897.00 100 -1052 -690
77922.00 100 -1034 -672
77946.00 100 -1015 -654
77972.00 100 -997 -637
77996.00 100 -979 -620
78020.00 100 -962 -603
78044.00 100 -944 -586
78067.00 100 -927 -569
78092.00 100 -909 -551
78115.00 100 -892 -534
78139.00 100 -874 -517
78163.00 100 -857 -499
78187.00 100 -839 -482
78211.00 100 -821 -464
78235.00 100 -804 -447
78259.00 100 -786 -430
78282.00 100 -769 -412
78307.00 100 -751 -395
78330.00 100 -734 -377
78355.00 100 -716 -360
78379.00 100 -698 -343
78402.00 100 -681 -325
78427.00 100 -663 -308
78450.00 100 -646 -291
78474.00 100 -628 -273
78498.00 100 -611 -256
78522.00 100 -593 -238
78545.00 100 -576 -221
78570.00 100 -558 -203
78594.00 100 -540 -186
78618.00 100 -523 -169
78642.00 100 -505 -152
78665.00 100 -488 -134
78690.00 100 -470 -117
78713.00 100 -452 -100
78737.00 100 -435 -83
78760.00 100 -418 -66
78783.00 100 -401 -50
78806.00 100 -384 -33
78829.00 -100 -383 -36
78853.00 -100 -384 -40
78876.00 -100 -389 -47
78901.00 -100 -397 -57
78924.00 -100 -407 -67
78948.00 -100 -417 -79
78972.00 -100 -429 -91
78996.00 -100 -443 -105
79022.00 -100 -458 -120
79046.00 -100 -474 -136
79071.00 -100 -490 -152
79096.00 -100 -507 -168
79121.00 -100 -525 -185
79145.00 -100 -542 -202
79171.00 -100 -560 -220
79196.00 -100 -578 -237
79221.00 -100 -596 -255
79246.00 -100 -614 -272
79270.00 -100 -633 -290
79296.00 -100 -651 -308
79321.00 -100 -670 -326
79345.00 -100 -688 -344
79371.00 -100 -706 -362
79395.00 -100 -725 -379
79421.00 -100 -743 -397
79446.00 -100 -762 -415
79470.00 -100 -781 -434
79496.00 -100 -799 -452
79520.00 -100 -818 -470
79545.00 -100 -836 -488
79570.00 -100 -855 -506
79595.00 -100 -873 -524
79621.00 -100 -891 -542
79645.00 -100 -910 -560
79670.00 -100 -928 -578
79695.00 -100 -947 -596
79720.00 -100 -965 -614
79745.00 -100 -984 -632
79770.00 -100 -1002 -651
79796.00 -100 -1022 -669
79822.00 -100 -1041 -688
79848.00 -100 -1060 -706
79874.00 -100 -1079 -725
79900.00 -100 -1098 -743
79926.00 -100 -1117 -762
79952.00 -100 -1136 -780
79978.00 -100 -1155 -799
80004.00 -100 -1174 -817
80030.00 -100 -1194 -835
80056.00 -100 -1213 -854
80082.00 -100 -1232 -873
80108.00 -100 -1251 -891
80134.00 -100 -1270 -910
80160.00 -100 -1289 -928
80186.00 -100 -1309 -947
80211.00 -100 -1328 -965
80238.00 -100 -1347 -984
80264.00 -100 -1367 -1003
80291.00 -100 -1387 -1022
80318.00 -100 -1407 -1042
80345.00 -100 -1427 -1061
80372.00 -100 -1447 -1081
80399.00 -100 -1467 -1100
80427.00 -100 -1487 -1120
80453.00 -100 -1507 -1140
80480.00 -100 -1527 -1159
80507.00 -100 -1547 -1179
80534.00 -100 -1567 -1198
80562.00 -100 -1587 -1218
80588.00 -100 -1607 -1237
80616.00 -100 -1627 -1257
80643.00 -100 -1647 -1276
80669.00 -100 -1668 -1295
80697.00 -100 -1688 -1315
80723.00 -100 -1707 -1334
80751.00 -100 -1728 -1354
80778.00 -100 -1748 -1373
80804.00 -100 -1768 -1392
80832.00 -100 -1788 -1412
80859.00 -100 -1808 -1432
80886.00 -100 -1828 -1451
80913.00 -100 -1848 -1471
80940.00 -100 -1868 -1490
80967.00 -100 -1889 -1509
80994.00 -100 -1909 -1529
81021.00 -100 -1929 -1549
81048.00 -100 -1949 -1568
81075.00 -100 -1969 -1588
81102.00 -100 -1989 -1607
81129.00 -100 -2009 -1627
81157.00 -100 -2029 -1647
81183.00 -100 -2050 -1667
81210.00 -100 -2070 -1687
81238.00 -100 -2090 -1706
81264.00 -100 -2111 -1726
81292.00 -100 -2131 -1745
81318.00 -100 -2151 -1765
81345.00 -100 -2171 -1785
81373.00 -100 -2191 -1804
81399.00 -100 -2211 -1824
81427.00 -100 -2232 -1843
81454.00 -100 -2251 -1862
81481.00 -100 -2271 -1881
81508.00 -100 -2291 -1901
81534.00 -100 -2311 -1920
81562.00 -100 -2331 -1940
81589.00 -100 -2351 -1959
81616.00 -100 -2372 -1978
81643.00 -100 -2391 -1998
81670.00 -100 -2412 -2017
81697.00 -100 -2432 -2037
81724.00 -100 -2452 -2056
81752.00 -100 -2472 -2075
81778.00 -100 -2492 -2095
81805.00 -100 -2512 -2114
81832.00 100 -2515 -2112
81858.00 100 -2513 -2110
81885.00 100 -2508 -2104
81910.00 100 -2501 -2097
81936.00 100 -2493 -2088
81963.00 100 -2482 -2076
81988.00 100 -2469 -2063
82015.00 100 -2454 -2047
82040.00 100 -2438 -2031
82066.00 100 -2422 -2014
82093.00 100 -2405 -1997
82118.00 100 -2387 -1980
82144.00 100 -2369 -1962
82170.00 100 -2351 -1944
82196.00 100 -2333 -1926
82223.00 100 -2314 -1907
82248.00 100 -2296 -1889
82274.00 100 -2277 -1870
82300.00 100 -2258 -1852
82326.00 100 -2239 -1833
82353.00 100 -2220 -1815
82378.00 100 -2201 -1796
82404.00 100 -2182 -1777
82430.00 100 -2163 -1758
82456.00 100 -2144 -1740
82483.00 100 -2125 -1721
82508.00 100 -2106 -1703
82534.00 100 -2087 -1684
82561.00 100 -2068 -1665
82586.00 100 -2049 -1646
82613.00 100 -2030 -1628
82638.00 100 -2011 -1609
82664.00 100 -1992 -1590
82691.00 100 -1973 -1571
82716.00 100 -1954 -1552
82742.00 100 -1935 -1533
82768.00 100 -1916 -1514
82794.00 100 -1897 -1495
82821.00 100 -1878 -1476
82846.00 100 -1859 -1457
82872.00 100 -1840 -1438
82898.00 100 -1821 -1419
82924.00 100 -1802 -1400
82951.00 100 -1783 -1381
82976.00 100 -1764 -1362
83002.00 100 -1745 -1343
83028.00 100 -1726 -1325
83054.00 100 -1706 -1306
83081.00 100 -1687 -1287
83106.00 100 -1668 -1268
83132.00 100 -1649 -1249
83159.00 100 -1630 -1231
83184.00 100 -1611 -1212
83211.00 100 -1592 -1193
83236.00 100 -1573 -1174
83262.00 100 -1554 -1156
83289.00 100 -1535 -1137
83314.00 100 -1516 -1118
83340.00 100 -1496 -1099
83366.00 100 -1477 -1081
83392.00 100 -1458 -1062
83419.00 100 -1439 -1042
83444.00 100 -1420 -1023
83470.00 100 -1401 -1004
83496.00 100 -1381 -985
83521.00 100 -1363 -967
83547.00 100 -1345 -948
83571.00 100 -1326 -930
83596.00 100 -1308 -912
83621.00 100 -1289 -894
83646.00 100 -1271 -875
83671.00 100 -1252 -857
83696.00 100 -1234 -839
83721.00 100 -1216 -821
83746.00 100 -1198 -803
83771.00 100 -1179 -785
83795.00 100 -1161 -767
83821.00 100 -1142 -749
83846.00 100 -1123 -731
83870.00 100 -1105 -713
83896.00 100 -1086 -695
83920.00 100 -1067 -677
83946.00 100 -1049 -659
83971.00 100 -1030 -641
83995.00 100 -1012 -623
84021.00 100 -994 -606
84044.00 100 -976 -589
84068.00 100 -959 -572
84092.00 100 -941 -554
84116.00 100 -923 -537
84140.00 100 -906 -520
84164.00 100 -888 -502
84188.00 100 -871 -485
84212.00 100 -853 -467
84236.00 100 -836 -450
84259.00 100 -818 -432
84284.00 100 -800 -415
84307.00 100 -783 -397
84331.00 100 -765 -380
84356.00 100 -748 -362
84379.00 100 -730 -345
84403.00 100 -712 -328
84427.00 100 -695 -310
84451.00 100 -677 -293
84475.00 100 -660 -275
84499.00 100 -642 -258
84523.00 100 -625 -240
84547.00 100 -607 -223
84571.00 100 -589 -205
84594.00 100 -572 -188
84619.00 100 -554 -171
84642.00 100 -536 -154
84666.00 100 -519 -136
84690.00 100 -501 -119
84714.00 100 -484 -102
84738.00 100 -466 -85
84761.00 100 -449 -68
84784.00 100 -433 -52
84806.00 100 -416 -35
84830.00 100 -399 -19
84852.00 -100 -398 -23
84877.00 -100 -399 -26
84900.00 -100 -405 -33
84924.00 -100 -413 -43
84948.00 -100 -422 -54
84972.00 -100 -433 -65
84996.00 -100 -445 -78
85020.00 -100 -459 -91
85044.00 -100 -473 -106
85068.00 -100 -489 -122
85094.00 -100 -506 -138
85118.00 -100 -523 -155
85144.00 -100 -540 -172
85169.00 -100 -557 -189
85193.00 -100 -575 -206
85219.00 -100 -593 -224
85243.00 -100 -611 -241
85268.00 -100 -629 -259
85294.00 -100 -648 -277
85318.00 -100 -666 -295
85344.00 -100 -685 -313
85368.00 -100 -703 -330
85393.00 -100 -721 -348
85419.00 -100 -740 -366
85443.00 -100 -759 -384
85468.00 -100 -777 -402
85493.00 -100 -796 -420
85518.00 -100 -814 -438
85543.00 -100 -833 -456
85568.00 -100 -851 -475
85593.00 -100 -870 -493
85618.00 -100 -888 -511
85643.00 -100 -907 -529
85667.00 -100 -925 -547
85693.00 -100 -944 -565
85718.00 -100 -962 -583
85743.00 -100 -981 -601
85768.00 -100 -999 -619
85792.00 -100 -1018 -638
85819.00 -100 -1037 -656
85844.00 -100 -1056 -675
85870.00 -100 -1075 -693
85897.00 -100 -1094 -711
85922.00 -100 -1113 -730
85949.00 -100 -1133 -748
85975.00 -100 -1152 -767
86000.00 -100 -1171 -785
86027.00 -100 -1190 -804
86052.00 -100 -1209 -822
86079.00 -100 -1228 -841
86105.00 -100 -1247 -859
86130.00 -100 -1266 -878
86157.00 -100 -1285 -896
86182.00 -100 -1304 -915
86209.00 -100 -1323 -933
86235.00 -100 -1343 -952
86260.00 -100 -1362 -970
86287.00 -100 -1381 -989
86312.00 -100 -1401 -1008
86340.00 -100 -1420 -1027
86367.00 -100 -1440 -1047
86393.00 -100 -1460 -1066
86421.00 -100 -1481 -1086
86448.00 -100 -1501 -1106
86475.00 -100 -1521 -1126
86502.00 -100 -1541 -1145
86529.00 -100 -1561 -1165
86556.00 -100 -1581 -1184
86583.00 -100 -1602 -1204
86610.00 -100 -1622 -1223
86637.00 -100 -1642 -1243
86664.00 -100 -1662 -1262
86691.00 -100 -1682 -1282
86718.00 -100 -1702 -1301
86746.00 -100 -1722 -1320
86772.00 -100 -1742 -1340
86799.00 -100 -1762 -1359
86827.00 -100 -1782 -1379
86853.00 -100 -1803 -1398
86881.00 -100 -1822 -1418
86907.00 -100 -1843 -1437
86934.00 -100 -1863 -1457
86962.00 -100 -1883 -1477
86988.00 -100 -1903 -1496
87016.00 -100 -1924 -1516
87043.00 -100 -1944 -1535
87069.00 -100 -1964 -1555
87097.00 -100 -1984 -1575
87123.00 -100 -2004 -1594
87151.00 -100 -2024 -1614
87178.00 -100 -2044 -1634
87205.00 -100 -2065 -1653
87232.00 -100 -2085 -1673
87259.00 -100 -2105 -1693
87286.00 -100 -2126 -1713
87313.00 -100 -2146 -1733
87341.00 -100 -2166 -1752
87367.00 -100 -2186 -1772
87394.00 -100 -2207 -1792
87421.00 -100 -2227 -1811
87448.00 -100 -2247 -1831
87476.00 -100 -2267 -1850
87502.00 -100 -2288 -1870
87529.00 -100 -2308 -1889
87557.00 -100 -2328 -1909
87583.00 -100 -2348 -1928
87611.00 -100 -2368 -1948
87638.00 -100 -2388 -1967
87664.00 -100 -2408 -1987
87692.00 -100 -2428 -2006
87718.00 -100 -2448 -2026
87746.00 -100 -2468 -2045
87773.00 -100 -2488 -2065
87799.00 -100 -2508 -2084
87827.00 -100 -2528 -2104
87854.00 100 -2532 -2101
87880.00 100 -2530 -2099
87906.00 100 -2524 -2094
87931.00 100 -2516 -2086
87958.00 100 -2507 -2077
87984.00 100 -2496 -2066
88010.00 100 -2484 -2053
88036.00 100 -2469 -2038
88061.00 100 -2454 -2021
88088.00 100 -2437 -2005
88114.00 100 -2420 -1988
88140.00 100 -2403 -1970
88166.00 100 -2385 -1952
88192.00 100 -2366 -1934
88218.00 100 -2348 -1916
88244.00 100 -2329 -1898
88270.00 100 -2311 -1879
88296.00 100 -2292 -1861
88322.00 100 -2273 -1842
88348.00 100 -2254 -1824
88374.00 100 -2235 -1805
88399.00 100 -2216 -1786
88426.00 100 -2197 -1767
88452.00 100 -2178 -1749
88478.00 100 -2159 -1730
88504.00 100 -2140 -1711
88529.00 100 -2121 -1693
88556.00 100 -2102 -1674
88582.00 100 -2083 -1655
88608.00 100 -2064 -1636
88634.00 100 -2045 -1617
88659.00 100 -2026 -1598
88686.00 100 -2007 -1579
88712.00 100 -1988 -1560
88738.00 100 -1969 -1541
88764.00 100 -1950 -1522
88790.00 100 -1930 -1503
88816.00 100 -1911 -1484
88842.00 100 -1892 -1465
88868.00 100 -1873 -1446
88894.00 100 -1854 -1427
88920.00 100 -1835 -1408
88946.00 100 -1816 -1389
88972.00 100 -1797 -1370
88997.00 100 -1778 -1351
89024.00 100 -1759 -1333
89050.00 100 -1740 -1314
89076.00 100 -1720 -1295
89102.00 100 -1701 -1276
89127.00 100 -1682 -1258
89154.00 100 -1663 -1239
89180.00 100 -1644 -1220
89206.00 100 -1625 -1201
89232.00 100 -1606 -1183
89257.00 100 -1587 -1164
89284.00 100 -1568 -1145
89310.00 100 -1549 -1127
89336.00 100 -1530 -1108
89362.00 100 -1511 -1089
89388.00 100 -1492 -1070
89414.00 100 -1473 -1051
89440.00 100 -1453 -1032
89465.00 100 -1434 -1013
89492.00 100 -1415 -994
89517.00 100 -1396 -975
89542.00 100 -1378 -957
89567.00 100 -1360 -939
89591.00 100 -1341 -920
89617.00 100 -1323 -902
89641.00 100 -1304 -884
89667.00 100 -1286 -866
89692.00 100 -1267 -847
89716.00 100 -1249 -829
89742.00 100 -1230 -811
89766.00 100 -1212 -793
89791.00 100 -1193 -774
89817.00 100 -1175 -756
89841.00 100 -1156 -739
89867.00 100 -1137 -721
89891.00 100 -1119 -703
89916.00 100 -1100 -685
89942.00 100 -1082 -667
89966.00 100 -1063 -649
89991.00 100 -1045 -631
90016.00 100 -1026 -613
90041.00 100 -1008 -595
90066.00 100 -990 -578
90090.00 100 -972 -560
90114.00 100 -955 -543
90138.00 100 -937 -526
90162.00 100 -919 -508
90185.00 100 -902 -491
90210.00 100 -884 -473
90233.00 100 -867 -456
90257.00 100 -849 -438
90281.00 100 -831 -421
90305.00 100 -814 -403
90329.00 100 -796 -386
90353.00 100 -778 -368
90377.00 100 -761 -351
90401.00 100 -743 -334
90425.00 100 -726 -316
90448.00 100 -708 -299
90473.00 100 -691 -281
90497.00 100 -673 -264
90520.00 100 -655 -246
90545.00 100 -638 -229
90568.00 100 -620 -211
90592.00 100 -603 -194
90616.00 100 -585 -177
90640.00 100 -568 -159
90663.00 100 -550 -142
90688.00 100 -532 -125
90712.00 100 -515 -107
90736.00 100 -497 -90
90759.00 100 -480 -74
90781.00 100 -463 -57
90805.00 100 -447 -41
90827.00 100 -430 -24
90850.00 100 -413 -8
90872.00 -100 -413 -13
90896.00 -100 -414 -16
90919.00 -100 -420 -23
90944.00 -100 -428 -33
90968.00 -100 -437 -43
90991.00 -100 -448 -54
91016.00 -100 -460 -67
91039.00 -100 -473 -80
91063.00 -100 -488 -94
91087.00 -100 -504 -109
91112.00 -100 -520 -125
91138.00 -100 -537 -142
91162.00 -100 -554 -159
91187.00 -100 -572 -176
91212.00 -100 -589 -193
91237.00 -100 -607 -211
91261.00 -100 -625 -228
91287.00 -100 -643 -246
91312.00 -100 -662 -263
91337.00 -100 -680 -281
91362.00 -100 -698 -299
91386.00 -100 -717 -317
91412.00 -100 -735 -335
91437.00 -100 -754 -353
91461.00 -100 -773 -371
91487.00 -100 -791 -389
91511.00 -100 -810 -407
91537.00 -100 -828 -425
91561.00 -100 -847 -443
91586.00 -100 -865 -461
91612.00 -100 -884 -480
91636.00 -100 -902 -498
91661.00 -100 -921 -516
91686.00 -100 -940 -534
91711.00 -100 -958 -552
91737.00 -100 -977 -571
91761.00 -100 -995 -589
91786.00 -100 -1014 -608
91812.00 -100 -1033 -626
91838.00 -100 -1052 -645
91865.00 -100 -1072 -664
91890.00 -100 -1091 -682
91916.00 -100 -1110 -701
91942.00 -100 -1129 -719
91968.00 -100 -1148 -738
91994.00 -100 -1167 -756
92020.00 -100 -1187 -775
92046.00 -100 -1206 -793
92072.00 -100 -1225 -812
92098.00 -100 -1244 -830
92124.00 -100 -1262 -849
92150.00 -100 -1281 -868
92176.00 -100 -1300 -887
92203.00 -100 -1319 -905
92228.00 -100 -1338 -924
92254.00 -100 -1357 -943
92280.00 -100 -1377 -962
92306.00 -100 -1396 -980
92333.00 -100 -1415 -999
92358.00 -100 -1434 -1018
92385.00 -100 -1455 -1037
92412.00 -100 -1475 -1057
92439.00 -100 -1495 -1076
92467.00 -100 -1515 -1096
92493.00 -100 -1535 -1116
92520.00 -100 -1555 -1136
92548.00 -100 -1575 -1155
92574.00 -100 -1596 -1175
92602.00 -100 -1616 -1194
92628.00 -100 -1636 -1214
92655.00 -100 -1656 -1233
92683.00 -100 -1676 -1253
92709.00 -100 -1696 -1272
92737.00 -100 -1716 -1292
92764.00 -100 -1737 -1311
92790.00 -100 -1756 -1330
92818.00 -100 -1776 -1350
92845.00 -100 -1797 -1369
92872.00 -100 -1816 -1388
92899.00 -100 -1836 -1408
92925.00 -100 -1856 -1427
92953.00 -100 -1877 -1447
92980.00 -100 -1897 -1466
93007.00 -100 -1917 -1485
93034.00 -100 -1937 -1505
93062.00 -100 -1957 -1524
93088.00 -100 -1977 -1544
93115.00 -100 -1997 -1563
93143.00 -100 -2017 -1582
93169.00 -100 -2037 -1602
93197.00 -100 -2057 -1622
93223.00 -100 -2077 -1641
93250.00 -100 -2098 -1661
93278.00 -100 -2118 -1681
93304.00 -100 -2138 -1701
93332.00 -100 -2158 -1721
93359.00 -100 -2179 -1740
93385.00 -100 -2199 -1760
93413.00 -100 -2219 -1780
93440.00 -100 -2239 -1799
93467.00 -100 -2260 -1819
93494.00 -100 -2280 -1838
93520.00 -100 -2300 -1858
93548.00 -100 -2320 -1877
93575.00 -100 -2341 -1897
93602.00 -100 -2360 -1916
93629.00 -100 -2380 -1936
93656.00 -100 -2401 -1956
93683.00 -100 -2421 -1975
93710.00 -100 -2441 -1994
93737.00 -100 -2461 -2014
93764.00 -100 -2481 -2033
93791.00 -100 -2501 -2053
93818.00 -100 -2521 -2073
93845.00 -100 -2541 -2092
93873.00 100 -2545 -2091
93898.00 100 -2545 -2089
93924.00 100 -2539 -2084
93950.00 100 -2531 -2076